-0,064089 -0,642109 -0,638600 -0,526444 0,027077 0,050922 0,049382 0,001032
-0,010376 -0,629902 -0,641652 -0,521867 2,371582 0,183492 0,257505 2,409023
0,106204 -0,609149 -0,649281 -0,524155 5,354406 0,381595 0,638252 4,080794
0,179449 -0,604877 -0,651570 -0,522629 2,372070 0,141788 0,369447 0,178429
0,177618 -0,595721 -0,653096 -0,518815 0,159408 0,002120 0,262120 2,268323
0,158696 -0,549333 -0,661489 -0,522629 0,015618 0,002304 0,240915 1,788199
0,179449 -0,463271 -0,666829 -0,518052 0,015204 0,000495 0,116296 1,331391
0,286874 -0,349132 -0,672170 -0,513474 0,009622 0,000355 0,025130 0,412835
0,464492 -0,246590 -0,677511 -0,511185 0,003277 0,000440 0,036394 0,300557
0,616474 -0,182501 -0,683615 -0,505081 0,000707 0,000470 0,031616 0,161079
0,639058 -0,137944 -0,691244 -0,499741 0,005206 0,000915 0,009975 0,021455
0,533464 -0,113529 -0,700400 -0,492111 0,004500 0,000870 0,005611 0,003440
0,417493 -0,155034 -0,700400 -0,482192 0,002424 0,000876 0,005117 0,045470
0,410169 -0,289315 -0,711081 -0,472274 0,001634 0,001324 0,000327 0,033073
0,509659 -0,500504 -0,711844 -0,463881 0,000497 0,000575 0,002083 0,025407
0,642720 -0,724509 -0,718711 -0,454726 0,000551 0,000200 0,000701 0,011438
0,725730 -0,913724 -0,720237 -0,439467 0,000757 0,000298 0,000500 0,004257
0,726951 -1,096225 -0,727866 -0,427259 0,001050 0,000593 0,002791 0,008527
0,659200 -1,255531 -0,733970 -0,411237 0,001124 0,000924 0,003462 0,031674
0,601825 -1,356243 -0,739311 -0,395215 0,000738 0,000869 0,000708 0,021914
0,652486 -1,339762 -0,746177 -0,382244 0,001157 0,000633 0,000212 0,010747
0,805078 -1,217688 -0,747703 -0,359355 0,002533 0,001247 0,000588 0,009841
0,933256 -1,026032 -0,754570 -0,343333 0,002175 0,001455 0,000878 0,007641
0,908841 -0,805078 -0,755333 -0,319681 0,000690 0,001203 0,000991 0,004208
0,755638 -0,592669 -0,764489 -0,300607 0,000203 0,002259 0,000720 0,004286
0,612201 -0,418104 -0,769066 -0,275430 0,000205 0,002901 0,000300 0,002560
0,599994 -0,299692 -0,774407 -0,253304 0,000449 0,003491 0,000057 0,000756
0,700095 -0,282601 -0,775933 -0,228126 0,000769 0,006263 0,000004 0,000280
0,777612 -0,365001 -0,780511 -0,199133 0,001080 0,006520 0,000009 0,000149
0,733665 -0,523087 -0,782037 -0,173955 0,001090 0,002860 0,000022 0,000170
0,601825 -0,679952 -0,788903 -0,144200 0,000712 0,004974 0,000031 0,000148
0,546892 -0,773949 -0,791955 -0,113681 0,000714 0,005514 0,000034 0,000024
0,675680 -0,764184 -0,796533 -0,080111 0,001727 0,002552 0,000027 0,000085
0,943022 -0,686666 -0,802637 -0,053407 0,002192 0,001098 0,000003 0,000068
1,139561 -0,590838 -0,802637 -0,014496 0,001611 0,000997 0,000004 0,000055
1,129185 -0,513932 -0,811792 0,016022 0,000777 0,000811 0,000007 0,000018
0,971099 -0,441908 -0,810266 0,054170 0,000349 0,000908 0,000003 0,000008
0,852687 -0,376598 -0,813318 0,086215 0,000844 0,000613 0,000000 0,000005
0,864895 -0,349132 -0,817896 0,122074 0,002108 0,000213 0,000000 0,000002
0,941191 -0,418714 -0,823237 0,157933 0,003280 0,000354 0,000000 0,000009
0,946684 -0,582293 -0,826289 0,195318 0,003506 0,001984 0,000002 0,000021
0,869167 -0,771508 -0,833155 0,232704 0,002408 0,002633 0,000002 0,000008
0,808130 -0,919217 -0,833918 0,273141 0,001011 0,000948 0,000001 0,000002
0,842921 -0,976592 -0,843837 0,310526 0,001362 0,000314 0,000001 0,000006
0,935697 -0,968658 -0,849177 0,346385 0,000713 0,000189 0,000001 0,000008
1,009552 -0,922880 -0,852229 0,387585 0,000881 0,000100 0,000000 0,000003
1,000397 -0,849025 -0,856807 0,420392 0,000585 0,000159 0,000000 0,000002
0,914945 -0,733665 -0,856807 0,466933 0,000739 0,000458 0,000000 0,000002
0,783715 -0,559099 -0,863674 0,500503 0,001904 0,000772 0,000000 0,000001
0,665914 -0,392468 -0,869015 0,541704 0,002987 0,001514 0,000000 0,000003
0,650655 -0,309458 -0,878170 0,575274 0,002060 0,002614 0,000000 0,000005
0,780664 -0,333262 -0,884274 0,614948 0,001155 0,002092 0,000000 0,000004
0,987579 -0,448012 -0,890377 0,645466 0,002283 0,002629 0,000000 0,000001
1,095615 -0,604266 -0,892666 0,686666 0,004620 0,002278 0,000000 0,000001
1,004669 -0,783715 -0,897244 0,723289 0,005124 0,001113 0,000000 0,000000
0,795923 -0,952788 -0,908688 0,754570 0,004028 0,001751 0,000000 0,000000
0,687887 -1,093173 -0,915555 0,788140 0,003966 0,003435 0,000000 0,000000
0,793481 -1,178625 -0,916318 0,819422 0,002959 0,004274 0,000000 0,000000
1,025422 -1,165196 -0,925474 0,855281 0,002997 0,004633 0,000000 0,000000
1,192663 -1,027253 -0,931578 0,881985 0,002624 0,004251 0,000000 0,000000
1,208533 -0,790429 -0,944548 0,909452 0,001146 0,003509 0,000000 0,000000
1,113926 -0,505997 -0,952940 0,939207 0,000441 0,002616 0,000000 0,000000
1,007111 -0,275887 -0,960570 0,968200 0,000503 0,002159 0,000000 0,000000
0,961333 -0,138554 -0,963622 0,993377 0,000598 0,001306 0,000000 0,000000
0,997345 -0,141606 -0,973540 1,011688 0,000617 0,000973 0,000000 0,000000
1,060213 -0,228889 -0,983459 1,039918 0,000847 0,000584 0,000000 0,000000
1,078524 -0,332652 -0,991852 1,055940 0,000826 0,000300 0,000000 0,000000
1,033967 -0,407117 -1,001007 1,076540 0,000668 0,000173 0,000000 0,000000
0,976592 -0,458998 -1,010925 1,091800 0,000608 0,000102 0,000000 0,000000
1,005890 -0,559099 -1,015503 1,113163 0,000335 0,000683 0,000000 0,000000
1,105991 -0,684225 -1,026948 1,127659 0,000506 0,001693 0,000000 0,000000
1,204871 -0,767235 -1,039918 1,136814 0,000545 0,001369 0,000000 0,000000
1,222571 -0,766015 -1,051363 1,148259 0,000430 0,001305 0,000000 0,000000
1,170690 -0,681783 -1,052888 1,152837 0,000365 0,001513 0,000000 0,000000
1,100498 -0,568255 -1,068148 1,165044 0,000456 0,001337 0,000000 0,000000
1,085849 -0,428480 -1,077303 1,168859 0,000455 0,000715 0,000000 0,000000
1,199988 -0,238044 -1,085696 1,175726 0,000471 0,000288 0,000000 0,000000
1,434370 -0,000610 -1,096377 1,177251 0,000405 0,000172 0,000000 0,000000
1,652272 0,198370 -1,109348 1,174963 0,000213 0,000159 0,000000 0,000000
1,665700 0,256966 -1,115451 1,173437 0,000153 0,000135 0,000000 0,000000
1,417890 0,154424 -1,129185 1,171148 0,000223 0,000097 0,000000 0,000000
1,074251 -0,043947 -1,136814 1,174200 0,000185 0,000101 0,000000 0,000000
0,902127 -0,244758 -1,149785 1,165044 0,000222 0,000191 0,000000 0,000000
1,003448 -0,395520 -1,159703 1,156651 0,000209 0,000240 0,000000 0,000000
1,243324 -0,467544 -1,174200 1,149785 0,000120 0,000162 0,000000 0,000000
1,410565 -0,433363 -1,184118 1,143681 0,000100 0,000098 0,000000 0,000000
1,413617 -0,309458 -1,193274 1,133762 0,000098 0,000056 0,000000 0,000000
1,343425 -0,117801 -1,202429 1,121555 0,000161 0,000113 0,000000 0,000000
1,355022 0,075076 -1,212348 1,107822 0,000173 0,000176 0,000000 0,000000
1,472213 0,150151 -1,223792 1,094851 0,000151 0,000261 0,000000 0,000000
1,654103 0,194098 -1,232948 1,082644 0,000146 0,000405 0,000000 0,000000
1,693777 0,122684 -1,244392 1,068148 0,000129 0,000444 0,000000 0,000000
1,526536 -0,029298 -1,246681 1,055940 0,000119 0,000323 0,000000 0,000000
1,267128 -0,204474 -1,265755 1,043733 0,000084 0,000839 0,000000 0,000000
1,109043 -0,360729 -1,272622 1,025422 0,000069 0,001352 0,000000 0,000000
1,167028 -0,469985 -1,279488 1,004822 0,000068 0,001198 0,000000 0,000000
1,400799 -0,539567 -1,290170 0,994140 0,000058 0,000358 0,000000 0,000000
1,651051 -0,554826 -1,298563 0,978881 0,000053 0,000044 0,000000 0,000000
1,778619 -0,509659 -1,304666 0,964385 0,000040 0,000031 0,000000 0,000000
1,759087 -0,401624 -1,313822 0,947600 0,000035 0,000062 0,000000 0,000000
1,671804 -0,264901 -1,317636 0,932340 0,000034 0,000052 0,000000 0,000000
1,620533 -0,155034 -1,327555 0,915555 0,000041 0,000031 0,000000 0,000000
1,659596 -0,111087 -1,332133 0,900296 0,000029 0,000045 0,000000 0,000000
1,726127 -0,136113 -1,336711 0,885800 0,000022 0,000148 0,000000 0,000000
1,723686 -0,224616 -1,344340 0,869014 0,000253 0,001531 0,000000 0,000000
1,589404 -0,348521 -1,351207 0,857570 0,000916 0,004417 0,000000 0,000000
1,378826 -0,494400 -1,355785 0,845363 0,000605 0,002936 0,000000 0,000000
1,237831 -0,669576 -1,358837 0,827815 0,000172 0,000985 0,000000 0,000000
1,278115 -0,866726 -1,361125 0,820948 0,000334 0,001861 0,000000 0,000000
1,477706 -1,058382 -1,361888 0,805689 0,000276 0,001611 0,000000 0,000000
1,668752 -1,176183 -1,369518 0,790429 0,000092 0,000487 0,000000 0,000000
1,692556 -1,179845 -1,371044 0,781274 0,000065 0,000200 0,000000 0,000000
1,591845 -1,073031 -1,372570 0,769066 0,000034 0,000089 0,000000 0,000000
1,558275 -0,870388 -1,374859 0,757622 0,000025 0,000070 0,000000 0,000000
1,699270 -0,670186 -1,371044 0,750755 0,000040 0,000437 0,000000 0,000000
1,915341 -0,521867 -1,374096 0,738548 0,000104 0,002508 0,000000 0,000000
1,997741 -0,455336 -1,374096 0,729392 0,000117 0,003041 0,000000 0,000000
1,861019 -0,464492 -1,374096 0,720237 0,000048 0,000778 0,000000 0,000000
1,590625 -0,537736 -1,369518 0,712607 0,000031 0,000124 0,000000 0,000000
1,367229 -0,643330 -1,365703 0,704978 0,000024 0,000080 0,000000 0,000000
1,297037 -0,740989 -1,366466 0,697348 0,000011 0,000054 0,000000 0,000000
1,408124 -0,806909 -1,358837 0,691244 0,000009 0,000054 0,000000 0,000000
1,652272 -0,825831 -1,355022 0,685903 0,000014 0,000054 0,000000 0,000000
1,919004 -0,831935 -1,348918 0,682089 0,000009 0,000031 0,000000 0,000000
2,098453 -0,845363 -1,342051 0,674459 0,000005 0,000017 0,000000 0,000000
2,146061 -0,847804 -1,338236 0,668355 0,000015 0,000014 0,000000 0,000000
2,143620 -0,857570 -1,329081 0,664541 0,000029 0,000042 0,000000 0,000000
2,180852 -0,865505 -1,321452 0,661489 0,000030 0,000036 0,000000 0,000000
2,243110 -0,863674 -1,320689 0,651570 0,000015 0,000026 0,000000 0,000000
2,226020 -0,812403 -1,304666 0,650044 0,000012 0,000030 0,000000 0,000000
2,102115 -0,730613 -1,303903 0,646229 0,000010 0,000019 0,000000 0,000000
1,974547 -0,665914 -1,295511 0,639363 0,000005 0,000012 0,000000 0,000000
2,005676 -0,678732 -1,285592 0,635548 0,000004 0,000007 0,000000 0,000000
2,226630 -0,798975 -1,274148 0,631733 0,000007 0,000011 0,000000 0,000000
2,508621 -0,966826 -1,264992 0,624866 0,000011 0,000021 0,000000 0,000000
2,653279 -1,131016 -1,255074 0,626392 0,000025 0,000200 0,000000 0,000000
2,575152 -1,221961 -1,242866 0,618763 0,000065 0,001288 0,000000 0,000000
2,357860 -1,214026 -1,236000 0,611896 0,000077 0,001764 0,000000 0,000000
2,173528 -1,098056 -1,222266 0,606555 0,000037 0,000509 0,000000 0,000000
2,145451 -0,914335 -1,215400 0,599689 0,000044 0,000156 0,000000 0,000000
2,232734 -0,681783 -1,197852 0,595874 0,000049 0,000136 0,000000 0,000000
2,320017 -0,463881 -1,193274 0,584430 0,000078 0,000104 0,000000 0,000000
2,302926 -0,264901 -1,175726 0,578326 0,000111 0,000454 0,000000 0,000000
2,186956 -0,103763 -1,172674 0,575274 0,000108 0,000624 0,000000 0,000000
2,048402 0,027467 -1,152837 0,558489 0,000070 0,000439 0,000000 0,000000
1,982483 0,114139 -1,143681 0,551622 0,000042 0,000184 0,000000 0,000000
2,006897 0,120243 -1,134526 0,545518 0,000239 0,000786 0,000000 0,000000
2,089907 0,042726 -1,121555 0,530259 0,000513 0,001441 0,000000 0,000000
2,155217 -0,067751 -1,106296 0,518052 0,000407 0,001101 0,000000 0,000000
2,150944 -0,127567 -1,100192 0,507370 0,000251 0,000613 0,000000 0,000000
2,128971 -0,081179 -1,091800 0,495163 0,000104 0,000406 0,000000 0,000000
2,202215 0,036622 -1,079592 0,479141 0,000038 0,000224 0,000000 0,000000
2,392041 0,164800 -1,064333 0,465407 0,000054 0,000150 0,000000 0,000000
2,592242 0,256966 -1,054414 0,448622 0,000197 0,000750 0,000000 0,000000
2,655720 0,330821 -1,050600 0,434126 0,001057 0,003310 0,000000 0,000000
2,559892 0,404675 -1,033051 0,414289 0,001867 0,006728 0,000000 0,000000
2,394482 0,446181 -1,024659 0,391400 0,001435 0,007245 0,000000 0,000000
2,298043 0,440687 -1,013978 0,374615 0,001825 0,007950 0,000000 0,000000
2,340770 0,383312 -1,002533 0,350963 0,001034 0,006093 0,000000 0,000000
2,497634 0,310068 -0,992615 0,327311 0,000279 0,001281 0,000000 0,000000
2,662434 0,227668 -0,979644 0,309000 0,000238 0,000303 0,000000 0,000000
2,704550 0,141606 -0,968200 0,286111 0,000222 0,000424 0,000000 0,000000
2,555620 0,030519 -0,960570 0,258644 0,000150 0,000280 0,000000 0,000000
2,331004 -0,097659 -0,947600 0,228889 0,000070 0,000132 0,000000 0,000000
2,240669 -0,189825 -0,934629 0,202185 0,000051 0,000052 0,000000 0,000000
2,387768 -0,209967 -0,924711 0,175481 0,000082 0,000058 0,000000 0,000000
2,629475 -0,136113 -0,916318 0,148015 0,000110 0,000064 0,000000 0,000000
2,728965 0,006714 -0,904111 0,119022 0,000090 0,000126 0,000000 0,000000
2,614216 0,164190 -0,894955 0,090030 0,000250 0,000447 0,000000 0,000000
2,441481 0,274056 -0,882748 0,063326 0,000523 0,000702 0,000000 0,000000
2,418897 0,287484 -0,872066 0,030519 0,000437 0,000506 0,000000 0,000000
2,538529 0,189215 -0,865963 -0,004578 0,000356 0,000231 0,000000 0,000000
2,616657 -0,034181 -0,853755 -0,032044 0,001029 0,000164 0,000000 0,000000
2,537309 -0,320444 -0,838496 -0,061037 0,000859 0,000094 0,000000 0,000000
2,329173 -0,564592 -0,825526 -0,094607 0,000340 0,000035 0,000000 0,000000
2,149113 -0,665914 -0,817896 -0,128941 0,000271 0,000038 0,000000 0,000000
2,105777 -0,653096 -0,805689 -0,155644 0,000228 0,000039 0,000000 0,000000
2,196722 -0,601825 -0,789666 -0,193793 0,000295 0,000135 0,000000 0,000000
2,329783 -0,593280 -0,775933 -0,224311 0,000838 0,000951 0,000000 0,000000
2,382275 -0,618305 -0,763726 -0,259407 0,001782 0,001733 0,000000 0,000000
2,302927 -0,587786 -0,750755 -0,293741 0,001294 0,000791 0,000000 0,000000
2,133854 -0,440077 -0,734733 -0,326548 0,000349 0,000215 0,000000 0,000000
2,013001 -0,238655 -0,725578 -0,360118 0,000210 0,000221 0,000000 0,000000
2,047181 -0,073244 -0,711081 -0,394452 0,000167 0,000280 0,000000 0,000000
2,202215 0,007935 -0,695822 -0,427259 0,000115 0,000173 0,000000 0,000000
2,320017 0,024415 -0,679037 -0,458541 0,000068 0,000099 0,000000 0,000000
2,261421 0,000610 -0,667592 -0,489059 0,000084 0,000093 0,000000 0,000000
2,071596 -0,083621 -0,648518 -0,522629 0,000141 0,000190 0,000000 0,000000
1,930601 -0,265511 -0,631733 -0,553911 0,000282 0,000445 0,000000 0,000000
1,992859 -0,488296 -0,614948 -0,587481 0,000426 0,000747 0,000000 0,000000
2,223578 -0,672628 -0,603503 -0,616474 0,000258 0,000518 0,000000 0,000000
2,452468 -0,748924 -0,583667 -0,653096 0,000063 0,000137 0,000000 0,000000
2,533036 -0,742210 -0,569170 -0,685141 0,000027 0,000062 0,000000 0,000000
2,453078 -0,683004 -0,547807 -0,709555 0,000031 0,000076 0,000000 0,000000
2,314524 -0,580462 -0,528733 -0,743889 0,000057 0,000143 0,000000 0,000000
2,257149 -0,468764 -0,515000 -0,772881 0,000107 0,000301 0,000000 0,000000
2,318796 -0,407727 -0,496689 -0,801874 0,000151 0,000412 0,000000 0,000000
2,434767 -0,441298 -0,477615 -0,832392 0,000198 0,000535 0,000000 0,000000
2,500687 -0,563982 -0,455489 -0,858333 0,000391 0,001608 0,000000 0,000000
2,465285 -0,678121 -0,442518 -0,888088 0,000848 0,006171 0,000000 0,000000
2,345653 -0,728782 -0,423444 -0,920896 0,000728 0,007182 0,000000 0,000000
2,229072 -0,711081 -0,398267 -0,946074 0,000463 0,002411 0,000000 0,000000
2,214423 -0,656148 -0,376141 -0,975066 0,000646 0,000514 0,000000 0,000000
2,345653 -0,585955 -0,356304 -1,003296 0,001571 0,001103 0,000000 0,000000
2,572100 -0,503555 -0,335704 -1,030763 0,001057 0,000904 0,000000 0,000000
2,761314 -0,386975 -0,315104 -1,055177 0,000093 0,000149 0,000000 0,000000
2,796106 -0,255745 -0,290689 -1,081118 0,000096 0,000018 0,000000 0,000000
2,730186 -0,149541 -0,273904 -1,110874 0,000064 0,000027 0,000000 0,000000
2,722251 -0,122684 -0,248726 -1,136814 0,000093 0,000020 0,000000 0,000000
2,838832 -0,180059 -0,228889 -1,160466 0,000255 0,000040 0,000000 0,000000
2,974334 -0,277718 -0,204474 -1,186407 0,000464 0,000079 0,000000 0,000000
2,972503 -0,375988 -0,180059 -1,213874 0,000352 0,000063 0,000000 0,000000
2,800989 -0,496841 -0,157933 -1,245155 0,000213 0,000070 0,000000 0,000000
2,590411 -0,620746 -0,136570 -1,268807 0,000331 0,000136 0,000000 0,000000
2,479324 -0,703146 -0,115207 -1,297799 0,000604 0,000118 0,000000 0,000000
2,540361 -0,692160 -0,093081 -1,319926 0,000566 0,000106 0,000000 0,000000
2,686849 -0,592669 -0,071718 -1,345103 0,000228 0,000074 0,000000 0,000000
2,807703 -0,434584 -0,043489 -1,372570 0,000184 0,000053 0,000000 0,000000
2,825404 -0,245979 -0,019837 -1,394696 0,000368 0,000130 0,000000 0,000000
2,754601 -0,022584 0,003815 -1,417584 0,000602 0,000208 0,000000 0,000000
2,668539 0,214240 0,025941 -1,444288 0,000473 0,000278 0,000000 0,000000
2,646565 0,423597 0,051119 -1,465652 0,000662 0,000345 0,000000 0,000000
2,691732 0,529801 0,073244 -1,491592 0,000427 0,000144 0,000000 0,000000
2,705771 0,505997 0,094607 -1,512955 0,000184 0,000022 0,000000 0,000000
2,576372 0,383923 0,120548 -1,541185 0,000123 0,000014 0,000000 0,000000
2,315744 0,236824 0,141148 -1,564073 0,000256 0,000023 0,000000 0,000000
2,081973 0,125126 0,166326 -1,590777 0,000475 0,000035 0,000000 0,000000
2,046571 0,093997 0,189978 -1,609851 0,000582 0,000072 0,000000 0,000000
2,219306 0,115970 0,215155 -1,635792 0,000712 0,000172 0,000000 0,000000
2,454909 0,189215 0,239570 -1,659444 0,001743 0,000308 0,000000 0,000000
2,562944 0,319834 0,263222 -1,684622 0,003813 0,000495 0,000000 0,000000
2,503738 0,471206 0,286874 -1,709036 0,003851 0,000952 0,000000 0,000000
2,386548 0,606098 0,303659 -1,731925 0,001859 0,000760 0,000000 0,000000
2,288889 0,670186 0,326548 -1,754814 0,000729 0,000341 0,000000 0,000000
2,214423 0,664083 0,351726 -1,777703 0,000357 0,000122 0,000000 0,000000
2,155217 0,598773 0,370800 -1,801355 0,000205 0,000082 0,000000 0,000000
2,119205 0,521256 0,394452 -1,822718 0,000276 0,000148 0,000000 0,000000
2,110050 0,428480 0,415815 -1,847133 0,000250 0,000115 0,000000 0,000000
2,099673 0,338145 0,435652 -1,874600 0,000136 0,000044 0,000000 0,000000
2,072207 0,256966 0,458541 -1,895199 0,000121 0,000014 0,000000 0,000000
2,067934 0,183111 0,479904 -1,916562 0,000108 0,000022 0,000000 0,000000
2,125919 0,115970 0,497452 -1,938688 0,000146 0,000044 0,000000 0,000000
2,196112 0,065310 0,523392 -1,967681 0,000230 0,000043 0,000000 0,000000
2,193060 0,045167 0,540178 -1,991333 0,000223 0,000032 0,000000 0,000000
2,140568 0,079348 0,557726 -2,013458 0,000109 0,000024 0,000000 0,000000
2,163763 0,120853 0,581378 -2,040162 0,000143 0,000026 0,000000 0,000000
2,312082 0,142216 0,598926 -2,067629 0,000240 0,000033 0,000000 0,000000
2,490921 0,115970 0,614948 -2,094333 0,000168 0,000027 0,000000 0,000000
2,546465 0,051881 0,638600 -2,121036 0,000099 0,000019 0,000000 0,000000
2,425001 -0,056764 0,654622 -2,141636 0,000077 0,000018 0,000000 0,000000
2,230903 -0,215461 0,673696 -2,177496 0,000159 0,000026 0,000000 0,000000
2,118595 -0,418714 0,690481 -2,198859 0,000374 0,000066 0,000000 0,000000
2,149724 -0,623188 0,709555 -2,222510 0,000433 0,000127 0,000000 0,000000
2,254707 -0,762963 0,723289 -2,249214 0,000212 0,000103 0,000000 0,000000
2,357249 -0,813013 0,743126 -2,282784 0,000233 0,000053 0,000000 0,000000
2,397534 -0,758080 0,754570 -2,304910 0,000208 0,000026 0,000000 0,000000
2,405469 -0,631733 0,776696 -2,335429 0,000125 0,000016 0,000000 0,000000
2,397534 -0,468154 0,789666 -2,363658 0,000239 0,000015 0,000000 0,000000
2,404248 -0,292367 0,805689 -2,390362 0,000189 0,000014 0,000000 0,000000
2,425001 -0,128788 0,817133 -2,417066 0,000099 0,000019 0,000000 0,000000
2,406689 0,001831 0,832392 -2,446821 0,000091 0,000026 0,000000 0,000000
2,296823 0,068972 0,846126 -2,478103 0,000152 0,000032 0,000000 0,000000
2,100284 0,061037 0,859096 -2,505569 0,000160 0,000060 0,000000 0,000000
1,919004 -0,009766 0,870540 -2,535325 0,000119 0,000069 0,000000 0,000000
1,859188 -0,131230 0,879696 -2,568132 0,000149 0,000045 0,000000 0,000000
1,947081 -0,261849 0,894192 -2,591022 0,000184 0,000050 0,000000 0,000000
2,085635 -0,378430 0,901059 -2,623066 0,000148 0,000140 0,000000 0,000000
2,146062 -0,465102 0,911740 -2,652058 0,000143 0,000226 0,000000 0,000000
2,075259 -0,512101 0,921659 -2,679525 0,000093 0,000220 0,000000 0,000000
1,969054 -0,517594 0,924711 -2,708518 0,000066 0,000187 0,000000 0,000000
1,981261 -0,462050 0,940733 -2,733696 0,000038 0,000087 0,000000 0,000000
2,163762 -0,318003 0,946074 -2,764214 0,000016 0,000042 0,000000 0,000000
2,414014 -0,101321 0,955229 -2,790917 0,000035 0,000091 0,000000 0,000000
2,583087 0,122684 0,962859 -2,821436 0,000089 0,000149 0,000000 0,000000
2,562334 0,278939 0,964385 -2,847377 0,000091 0,000117 0,000000 0,000000
2,368236 0,319834 0,973540 -2,875606 0,000050 0,000102 0,000000 0,000000
2,130802 0,264290 0,974303 -2,902310 0,000056 0,000175 0,000000 0,000000
1,978820 0,135502 0,979644 -2,927488 0,000090 0,000180 0,000000 0,000000
1,996521 -0,046999 0,981933 -2,951903 0,000070 0,000077 0,000000 0,000000
2,143009 -0,246590 0,984985 -2,977843 0,000076 0,000035 0,000000 0,000000
2,280954 -0,408338 0,988800 -2,998443 0,000134 0,000136 0,000000 0,000000
2,304147 -0,451674 0,989563 -3,026673 0,000142 0,000212 0,000000 0,000000
2,278512 -0,357067 0,990326 -3,051088 0,000061 0,000076 0,000000 0,000000
2,348094 -0,180059 0,993377 -3,072451 0,000019 0,000016 0,000000 0,000000
2,532426 -0,032960 0,994140 -3,098391 0,000027 0,000023 0,000000 0,000000
2,674642 0,053102 0,991089 -3,118991 0,000032 0,000023 0,000000 0,000000
2,626422 0,104984 0,984985 -3,141117 0,000013 0,000012 0,000000 0,000000
2,406079 0,159307 0,990326 -3,162480 0,000008 0,000011 0,000000 0,000000
2,171087 0,187384 0,984985 -3,183843 0,000016 0,000019 0,000000 0,000000
2,038026 0,172735 0,987274 -3,198340 0,000025 0,000016 0,000000 0,000000
2,063051 0,147710 0,982696 -3,218177 0,000032 0,000008 0,000000 0,000000
2,204046 0,150761 0,980407 -3,240303 0,000064 0,000014 0,000000 0,000000
2,373730 0,178228 0,974303 -3,260140 0,000093 0,000027 0,000000 0,000000
2,448805 0,189215 0,968963 -3,276925 0,000054 0,000015 0,000000 0,000000
2,359081 0,190435 0,963622 -3,293710 0,000047 0,000014 0,000000 0,000000
2,160100 0,194098 0,962096 -3,315072 0,000107 0,000024 0,000000 0,000000
2,029481 0,241707 0,956755 -3,329569 0,000075 0,000013 0,000000 0,000000
2,100894 0,314341 0,951414 -3,343302 0,000037 0,000007 0,000000 0,000000
2,320627 0,405286 0,945311 -3,363140 0,000037 0,000014 0,000000 0,000000
2,481765 0,522477 0,939970 -3,376873 0,000046 0,000012 0,000000 0,000000
2,433546 0,663472 0,936918 -3,394421 0,000047 0,000008 0,000000 0,000000
2,210150 0,779443 0,926237 -3,406629 0,000028 0,000008 0,000000 0,000000
1,975768 0,818506 0,922422 -3,422651 0,000018 0,000006 0,000000 0,000000
1,878109 0,745262 0,914792 -3,437910 0,000030 0,000006 0,000000 0,000000
1,950133 0,591449 0,904874 -3,457747 0,000101 0,000010 0,000000 0,000000
2,108218 0,427869 0,899533 -3,470717 0,000150 0,000009 0,000000 0,000000
2,231513 0,307016 0,889614 -3,489028 0,000103 0,000007 0,000000 0,000000
2,247993 0,253914 0,882748 -3,500473 0,000469 0,000017 0,000000 0,000000
2,210760 0,281991 0,878933 -3,513443 0,000693 0,000022 0,000000 0,000000
2,260811 0,342418 0,871303 -3,532517 0,000221 0,000008 0,000000 0,000000
2,421338 0,400403 0,861385 -3,550066 0,000052 0,000006 0,000000 0,000000
2,583087 0,414441 0,854518 -3,566851 0,000233 0,000008 0,000000 0,000000
2,594684 0,391247 0,846889 -3,586688 0,000372 0,000008 0,000000 0,000000
2,399975 0,363781 0,837733 -3,604999 0,000208 0,000006 0,000000 0,000000
2,135685 0,345470 0,833918 -3,623310 0,000153 0,000008 0,000000 0,000000
1,995300 0,325327 0,825526 -3,638569 0,000356 0,000009 0,000000 0,000000
2,038026 0,275277 0,820185 -3,658406 0,000430 0,000010 0,000000 0,000000
2,186346 0,219123 0,809503 -3,678243 0,000255 0,000011 0,000000 0,000000
2,288888 0,168462 0,804163 -3,704947 0,000267 0,000009 0,000000 0,000000
2,263253 0,116581 0,796533 -3,720969 0,000477 0,000008 0,000000 0,000000
2,143010 0,064699 0,788903 -3,743096 0,001022 0,000009 0,000000 0,000000
2,003235 0,018311 0,781274 -3,764459 0,001425 0,000005 0,000000 0,000000
1,923276 -0,043947 0,775933 -3,788110 0,002286 0,000008 0,000000 0,000000
1,925718 -0,089724 0,767540 -3,810999 0,002368 0,000017 0,000000 0,000000
1,983703 -0,073244 0,762963 -3,833887 0,001986 0,000020 0,000000 0,000000
2,047792 0,051271 0,754570 -3,856776 0,002573 0,000034 0,000000 0,000000
2,059999 0,239265 0,749992 -3,885006 0,003346 0,000063 0,000000 0,000000
1,987365 0,402844 0,743126 -3,911710 0,001643 0,000035 0,000000 0,000000
1,883602 0,466323 0,740074 -3,939939 0,000543 0,000010 0,000000 0,000000
1,825007 0,410169 0,731681 -3,965117 0,000258 0,000008 0,000000 0,000000
1,849422 0,256355 0,727866 -3,992584 0,000167 0,000009 0,000000 0,000000
1,879329 0,062868 0,724052 -4,024628 0,000164 0,000004 0,000000 0,000000
1,807917 -0,104373 0,717948 -4,048280 0,000176 0,000003 0,000000 0,000000
1,635792 -0,202643 0,711081 -4,079562 0,000103 0,000003 0,000000 0,000000
1,481979 -0,191046 0,711081 -4,110843 0,000039 0,000003 0,000000 0,000000
1,511887 -0,091556 0,701926 -4,136784 0,000045 0,000004 0,000000 0,000000
1,729789 0,053102 0,697348 -4,165776 0,000157 0,000005 0,000000 0,000000
1,970885 0,208136 0,696585 -4,200109 0,000206 0,000007 0,000000 0,000000
2,061830 0,361339 0,689718 -4,229866 0,000136 0,000006 0,000000 0,000000
1,979430 0,479141 0,685903 -4,260384 0,000140 0,000008 0,000000 0,000000
1,838435 0,544450 0,679800 -4,290139 0,000066 0,000009 0,000000 0,000000
1,746879 0,549333 0,676748 -4,322184 0,000022 0,000009 0,000000 0,000000
1,754814 0,516373 0,676748 -4,353466 0,000048 0,000012 0,000000 0,000000
1,837825 0,458388 0,673696 -4,383220 0,000064 0,000017 0,000000 0,000000
1,933042 0,392468 0,667592 -4,412213 0,000040 0,000017 0,000000 0,000000
1,980041 0,322275 0,669881 -4,446547 0,000025 0,000013 0,000000 0,000000
1,934263 0,249641 0,664540 -4,470961 0,000024 0,000005 0,000000 0,000000
1,859798 0,189825 0,663778 -4,503769 0,000034 0,000004 0,000000 0,000000
1,886654 0,141606 0,659200 -4,528184 0,000023 0,000007 0,000000 0,000000
2,089908 0,125736 0,662252 -4,560228 0,000014 0,000007 0,000000 0,000000
2,369457 0,139775 0,661489 -4,588458 0,000012 0,000006 0,000000 0,000000
2,528764 0,192267 0,656148 -4,610583 0,000011 0,000005 0,000000 0,000000
2,440260 0,288095 0,659200 -4,639576 0,000011 0,000007 0,000000 0,000000
2,211982 0,374767 0,656148 -4,666280 0,000021 0,000010 0,000000 0,000000
2,045961 0,429090 0,657674 -4,690695 0,000022 0,000012 0,000000 0,000000
2,043519 0,415052 0,660726 -4,718161 0,000021 0,000014 0,000000 0,000000
2,078921 0,353404 0,664540 -4,739524 0,000035 0,000024 0,000000 0,000000
1,967223 0,280160 0,662252 -4,762413 0,000050 0,000028 0,000000 0,000000
1,687674 0,227668 0,665304 -4,783013 0,000031 0,000028 0,000000 0,000000
1,409345 0,208136 0,667592 -4,799798 0,000016 0,000024 0,000000 0,000000
1,352580 0,253304 0,665303 -4,818872 0,000010 0,000014 0,000000 0,000000
1,538133 0,358898 0,667592 -4,836420 0,000006 0,000010 0,000000 0,000000
1,820124 0,504166 0,667592 -4,857020 0,000007 0,000007 0,000000 0,000000
1,991638 0,659200 0,674459 -4,871516 0,000010 0,000009 0,000000 0,000000
1,949522 0,776391 0,675985 -4,881435 0,000009 0,000011 0,000000 0,000000
1,743828 0,860012 0,675222 -4,900510 0,000007 0,000008 0,000000 0,000000
1,503952 0,877102 0,686666 -4,905850 0,000007 0,000007 0,000000 0,000000
1,338542 0,796533 0,685141 -4,922635 0,000007 0,000009 0,000000 0,000000
1,234169 0,626240 0,693533 -4,924924 0,000023 0,000018 0,000000 0,000000
1,198157 0,448622 0,695059 -4,933317 0,000094 0,000050 0,000000 0,000000
1,223792 0,340587 0,700400 -4,937894 0,000124 0,000064 0,000000 0,000000
1,301920 0,300912 0,703452 -4,944762 0,000041 0,000030 0,000000 0,000000
1,390423 0,290536 0,714133 -4,942472 0,000005 0,000017 0,000000 0,000000
1,433760 0,292978 0,714133 -4,943235 0,000006 0,000013 0,000000 0,000000
1,471603 0,317393 0,724815 -4,941710 0,000011 0,000011 0,000000 0,000000
1,573534 0,390027 0,727866 -4,937131 0,000011 0,000008 0,000000 0,000000
1,720634 0,503555 0,736259 -4,934843 0,000008 0,000013 0,000000 0,000000
1,765191 0,609149 0,740074 -4,921873 0,000013 0,000013 0,000000 0,000000
1,624195 0,709860 0,743126 -4,914243 0,000017 0,000010 0,000000 0,000000
1,406293 0,817896 0,752281 -4,905087 0,000014 0,000006 0,000000 0,000000
1,318400 0,933866 0,757622 -4,889828 0,000007 0,000003 0,000000 0,000000
1,400189 1,015046 0,761437 -4,874568 0,000006 0,000002 0,000000 0,000000
1,522263 1,009552 0,772118 -4,859309 0,000006 0,000002 0,000000 0,000000
1,556444 0,888088 0,773644 -4,843287 0,000005 0,000003 0,000000 0,000000
1,520432 0,683004 0,776696 -4,821161 0,000004 0,000006 0,000000 0,000000
1,522874 0,452895 0,791955 -4,797510 0,000007 0,000007 0,000000 0,000000
1,590014 0,272225 0,793481 -4,770805 0,000010 0,000006 0,000000 0,000000
1,662649 0,183111 0,804163 -4,747154 0,000009 0,000005 0,000000 0,000000
1,702933 0,172735 0,810266 -4,718924 0,000010 0,000005 0,000000 0,000000
1,715140 0,195929 0,815607 -4,690695 0,000017 0,000007 0,000000 0,000000
1,688894 0,242927 0,816370 -4,660176 0,000021 0,000007 0,000000 0,000000
1,611377 0,305185 0,825526 -4,631184 0,000015 0,000008 0,000000 0,000000
1,477706 0,380871 0,828577 -4,596850 0,000013 0,000007 0,000000 0,000000
1,340373 0,445570 0,838496 -4,558702 0,000012 0,000004 0,000000 0,000000
1,253090 0,487075 0,841548 -4,521317 0,000008 0,000004 0,000000 0,000000
1,192053 0,498672 0,843074 -4,483169 0,000008 0,000003 0,000000 0,000000
1,140782 0,524308 0,849940 -4,441969 0,000011 0,000003 0,000000 0,000000
1,117588 0,543229 0,852992 -4,401532 0,000019 0,000007 0,000000 0,000000
1,146275 0,561541 0,856807 -4,361094 0,000027 0,000011 0,000000 0,000000
1,214026 0,590228 0,863674 -4,316843 0,000085 0,000018 0,000000 0,000000
1,294595 0,645772 0,862911 -4,273355 0,000120 0,000025 0,000000 0,000000
1,370891 0,703146 0,865963 -4,227576 0,000077 0,000017 0,000000 0,000000
1,436811 0,726340 0,866726 -4,187140 0,000041 0,000011 0,000000 0,000000
1,480147 0,679952 0,869777 -4,142124 0,000044 0,000028 0,000000 0,000000
1,483199 0,593890 0,870540 -4,095584 0,000039 0,000042 0,000000 0,000000
1,443525 0,494400 0,870540 -4,052094 0,000022 0,000038 0,000000 0,000000
1,381878 0,415662 0,871303 -4,001739 0,000014 0,000037 0,000000 0,000000
1,334269 0,338755 0,868252 -3,955961 0,000014 0,000036 0,000000 0,000000
1,304971 0,246590 0,870540 -3,904844 0,000029 0,000025 0,000000 0,000000
1,260414 0,141606 0,865200 -3,862880 0,000043 0,000022 0,000000 0,000000
1,208533 0,068972 0,864437 -3,811762 0,000051 0,000024 0,000000 0,000000
1,181066 0,062258 0,866726 -3,763695 0,000041 0,000019 0,000000 0,000000
1,210364 0,133671 0,863674 -3,718680 0,000019 0,000014 0,000000 0,000000
1,247597 0,269784 0,861385 -3,671377 0,000014 0,000012 0,000000 0,000000
1,206702 0,435194 0,859859 -3,622547 0,000021 0,000017 0,000000 0,000000
1,088900 0,616474 0,856807 -3,577533 0,000023 0,000019 0,000000 0,000000
0,963774 0,783715 0,854518 -3,523361 0,000023 0,000019 0,000000 0,000000
0,887478 0,897855 0,847651 -3,478347 0,000032 0,000032 0,000000 0,000000
0,853298 0,921659 0,846889 -3,425703 0,000035 0,000042 0,000000 0,000000
0,805689 0,858791 0,840022 -3,376873 0,000038 0,000038 0,000000 0,000000
0,703757 0,749534 0,836207 -3,334146 0,000034 0,000025 0,000000 0,000000
0,592059 0,629902 0,829340 -3,287606 0,000033 0,000015 0,000000 0,000000
0,555437 0,532853 0,824763 -3,234962 0,000031 0,000011 0,000000 0,000000
0,623188 0,493789 0,821711 -3,186895 0,000037 0,000009 0,000000 0,000000
0,740989 0,473037 0,818659 -3,140354 0,000031 0,000008 0,000000 0,000000
0,833155 0,479751 0,812555 -3,090762 0,000021 0,000008 0,000000 0,000000
0,854518 0,497452 0,806452 -3,044222 0,000023 0,000008 0,000000 0,000000
0,811792 0,502945 0,797296 -2,999969 0,000025 0,000009 0,000000 0,000000
0,738548 0,516984 0,792718 -2,949614 0,000021 0,000009 0,000000 0,000000
0,687887 0,542619 0,785852 -2,896969 0,000032 0,000010 0,000000 0,000000
0,724509 0,568865 0,781274 -2,854243 0,000024 0,000010 0,000000 0,000000
0,850246 0,596332 0,775170 -2,808466 0,000012 0,000008 0,000000 0,000000
0,985137 0,626240 0,767541 -2,757348 0,000015 0,000004 0,000000 0,000000
1,044343 0,659810 0,762963 -2,703940 0,000017 0,000002 0,000000 0,000000
0,973540 0,714133 0,756859 -2,658162 0,000017 0,000003 0,000000 0,000000
0,841090 0,778832 0,749992 -2,607806 0,000017 0,000003 0,000000 0,000000
0,740379 0,838038 0,746940 -2,555925 0,000017 0,000002 0,000000 0,000000
0,697043 0,894192 0,740074 -2,507096 0,000021 0,000002 0,000000 0,000000
0,662862 0,952177 0,736259 -2,452162 0,000012 0,000001 0,000000 0,000000
0,575579 0,986358 0,730155 -2,399518 0,000016 0,000002 0,000000 0,000000
0,474868 0,993683 0,727103 -2,343822 0,000025 0,000003 0,000000 0,000000
0,449232 1,003448 0,718711 -2,295755 0,000023 0,000004 0,000000 0,000000
0,540788 1,015046 0,712607 -2,240821 0,000018 0,000004 0,000000 0,000000
0,683004 1,012604 0,708029 -2,188177 0,000025 0,000003 0,000000 0,000000
0,748314 0,987579 0,703452 -2,131717 0,000024 0,000002 0,000000 0,000000
0,659200 0,911283 0,701163 -2,075259 0,000021 0,000003 0,000000 0,000000
0,452284 0,798975 0,694296 -2,019562 0,000016 0,000002 0,000000 0,000000
0,238044 0,670797 0,690481 -1,955473 0,000018 0,000002 0,000000 0,000000
0,097659 0,570086 0,687429 -1,901303 0,000027 0,000002 0,000000 0,000000
0,073855 0,521256 0,684378 -1,836451 0,000028 0,000002 0,000000 0,000000
0,138554 0,533464 0,680563 -1,777703 0,000017 0,000001 0,000000 0,000000
0,206305 0,617084 0,675222 -1,717429 0,000019 0,000002 0,000000 0,000000
0,188604 0,742210 0,677511 -1,655629 0,000020 0,000002 0,000000 0,000000
0,075076 0,847194 0,672933 -1,590778 0,000011 0,000002 0,000000 0,000000
-0,040284 0,902127 0,673696 -1,528214 0,000008 0,000001 0,000000 0,000000
-0,055544 0,891751 0,668355 -1,463362 0,000008 0,000001 0,000000 0,000000
0,063478 0,853298 0,667592 -1,392407 0,000005 0,000001 0,000000 0,000000
0,229499 0,805078 0,663015 -1,325266 0,000003 0,000001 0,000000 0,000000
0,316782 0,754418 0,662252 -1,264992 0,000003 0,000001 0,000000 0,000000
0,267953 0,703147 0,660726 -1,194800 0,000004 0,000000 0,000000 0,000000
0,148320 0,671407 0,659963 -1,123844 0,000004 0,000000 0,000000 0,000000
0,082400 0,642109 0,656148 -1,052125 0,000007 0,000001 0,000000 0,000000
0,106204 0,588397 0,658437 -0,981933 0,000008 0,000001 0,000000 0,000000
0,155644 0,491348 0,656148 -0,907163 0,000007 0,000001 0,000000 0,000000
0,134892 0,395520 0,658437 -0,833918 0,000009 0,000002 0,000000 0,000000
0,088504 0,382702 0,656148 -0,759911 0,000016 0,000002 0,000000 0,000000
0,104984 0,491958 0,651570 -0,689718 0,000014 0,000002 0,000000 0,000000
0,238655 0,673849 0,656148 -0,617237 0,000008 0,000002 0,000000 0,000000
0,465102 0,860012 0,655385 -0,538652 0,000005 0,000001 0,000000 0,000000
0,671407 0,948515 0,655385 -0,458541 0,000005 0,000001 0,000000 0,000000
0,742821 0,952177 0,656911 -0,384533 0,000004 0,000001 0,000000 0,000000
0,606098 0,881985 0,656148 -0,305185 0,000002 0,000001 0,000000 0,000000
0,302133 0,778222 0,659963 -0,228889 0,000001 0,000001 0,000000 0,000000
-0,025636 0,658589 0,663015 -0,148778 0,000001 0,000001 0,000000 0,000000
-0,189215 0,518204 0,662252 -0,074007 0,000001 0,000001 0,000000 0,000000
-0,142216 0,397351 0,666066 0,006104 0,000002 0,000000 0,000000 0,000000
0,014039 0,330210 0,667592 0,081637 0,000002 0,000000 0,000000 0,000000
0,134892 0,314951 0,671407 0,159459 0,000001 0,000000 0,000000 0,000000
0,151372 0,300912 0,675985 0,234992 0,000001 0,000000 0,000000 0,000000
0,103763 0,271004 0,684378 0,316629 0,000001 0,000000 0,000000 0,000000
0,045778 0,236213 0,683615 0,392163 0,000001 0,000000 0,000000 0,000000
0,017701 0,235603 0,682089 0,469222 0,000001 0,000000 0,000000 0,000000
0,030519 0,254524 0,685903 0,549333 0,000002 0,000001 0,000000 0,000000
0,052492 0,283212 0,690481 0,628681 0,000002 0,000000 0,000000 0,000000
0,062258 0,296640 0,688955 0,704215 0,000002 0,000000 0,000000 0,000000
0,036622 0,315561 0,697348 0,783563 0,000003 0,000001 0,000000 0,000000
-0,015870 0,356456 0,701163 0,859096 0,000002 0,000000 0,000000 0,000000
-0,093387 0,421155 0,703452 0,936918 0,000001 0,000000 0,000000 0,000000
-0,186163 0,513321 0,708029 1,010926 0,000000 0,000000 0,000000 0,000000
-0,279550 0,585345 0,717185 1,091037 0,000000 0,000000 0,000000 0,000000
-0,369274 0,625019 0,718711 1,163518 0,000000 0,000000 0,000000 0,000000
-0,429090 0,615864 0,726341 1,238289 0,000000 0,000000 0,000000 0,000000
-0,424818 0,578631 0,733970 1,316111 0,000000 0,000000 0,000000 0,000000
-0,314341 0,571917 0,735496 1,389355 0,000000 0,000000 0,000000 0,000000
-0,101932 0,613422 0,739311 1,463363 0,000000 0,000000 0,000000 0,000000
0,126347 0,681783 0,745415 1,541185 0,000000 0,000000 0,000000 0,000000
0,227668 0,728782 0,749229 1,610614 0,000000 0,000000 0,000000 0,000000
0,119633 0,712302 0,753807 1,683096 0,000000 0,000000 0,000000 0,000000
-0,134281 0,639668 0,758385 1,755577 0,000000 0,000000 0,000000 0,000000
-0,377209 0,553606 0,765251 1,823481 0,000000 0,000000 0,000000 0,000000
-0,510880 0,493789 0,769066 1,894436 0,000000 0,000000 0,000000 0,000000
-0,500504 0,486465 0,775170 1,964629 0,000000 0,000000 0,000000 0,000000
-0,355846 0,520646 0,778222 2,033296 0,000000 0,000000 0,000000 0,000000
-0,098880 0,566424 0,783563 2,098910 0,000000 0,000000 0,000000 0,000000
0,167241 0,581072 0,789666 2,163762 0,000000 0,000000 0,000000 0,000000
0,277718 0,562761 0,793481 2,230140 0,000000 0,000000 0,000000 0,000000
0,170904 0,552385 0,798822 2,296518 0,000000 0,000000 0,000000 0,000000
-0,052492 0,542619 0,801874 2,356029 0,000000 0,000000 0,000000 0,000000
-0,233772 0,526749 0,811029 2,419354 0,000000 0,000000 0,000000 0,000000
-0,311899 0,509659 0,811792 2,481155 0,000000 0,000000 0,000000 0,000000
-0,348521 0,534684 0,814081 2,542954 0,000000 0,000000 0,000000 0,000000
-0,412000 0,627461 0,822474 2,602466 0,000000 0,000000 0,000000 0,000000
-0,476699 0,777001 0,821711 2,658162 0,000000 0,000000 0,000000 0,000000
-0,464492 0,900296 0,828578 2,718436 0,000000 0,000000 0,000000 0,000000
-0,367443 0,939970 0,827815 2,770318 0,000000 0,000000 0,000000 0,000000
-0,279550 0,892361 0,832392 2,827540 0,000000 0,000000 0,000000 0,000000
-0,308237 0,786767 0,834681 2,879421 0,000000 0,000000 0,000000 0,000000
-0,466933 0,660421 0,839259 2,932829 0,000000 0,000000 0,000000 0,000000
-0,664083 0,543229 0,841548 2,982421 0,000000 0,000000 0,000000 0,000000
-0,778832 0,494400 0,847652 3,035828 0,000000 0,000000 0,000000 0,000000
-0,753807 0,529801 0,850703 3,081607 0,000000 0,000000 0,000000 0,000000
-0,595721 0,632954 0,852992 3,125858 0,000000 0,000000 0,000000 0,000000
-0,367443 0,733665 0,852229 3,167821 0,000000 0,000000 0,000000 0,000000
-0,220954 0,802026 0,855281 3,215887 0,000000 0,000000 0,000000 0,000000
-0,259407 0,817896 0,857570 3,247932 0,000000 0,000000 0,000000 0,000000
-0,465712 0,821558 0,852992 3,289895 0,000000 0,000000 0,000000 0,000000
-0,678121 0,828883 0,859096 3,329569 0,000000 0,000000 0,000000 0,000000
-0,770897 0,861232 0,863674 3,367717 0,000000 0,000000 0,000000 0,000000
-0,755028 0,907010 0,861385 3,402050 0,000000 0,000000 0,000000 0,000000
-0,700095 0,936308 0,861385 3,430280 0,000000 0,000000 0,000000 0,000000
-0,643941 0,965606 0,865200 3,459273 0,000000 0,000000 0,000000 0,000000
-0,568865 0,996734 0,859859 3,490554 0,000000 0,000000 0,000000 0,000000
-0,476089 1,013825 0,865200 3,516495 0,000000 0,000000 0,000000 0,000000
-0,392468 1,021760 0,862911 3,538621 0,000000 0,000000 0,000000 0,000000
-0,377819 1,002838 0,865200 3,559221 0,000000 0,000000 0,000000 0,000000
-0,446791 0,952177 0,864437 3,579058 0,000000 0,000000 0,000000 0,000000
-0,584124 0,892361 0,861385 3,598895 0,000000 0,000000 0,000000 0,000000
-0,732444 0,860622 0,859859 3,612628 0,000000 0,000000 0,000000 0,000000
-0,824610 0,867336 0,862911 3,631703 0,000000 0,000000 0,000000 0,000000
-0,794092 0,904569 0,862911 3,640095 0,000000 0,000000 0,000000 0,000000
-0,619526 0,928373 0,858333 3,653066 0,000000 0,000000 0,000000 0,000000
-0,394299 0,900906 0,859859 3,660695 0,000000 0,000000 0,000000 0,000000
-0,288705 0,804468 0,857570 3,665273 0,000000 0,000000 0,000000 0,000000
-0,388806 0,663472 0,855281 3,669851 0,000000 0,000000 0,000000 0,000000
-0,603656 0,543840 0,853755 3,674428 0,000000 0,000000 0,000000 0,000000
-0,746483 0,491348 0,853755 3,675192 0,000000 0,000000 0,000000 0,000000
-0,732444 0,487686 0,849177 3,675955 0,000000 0,000000 0,000000 0,000000
-0,626240 0,509659 0,846889 3,669851 0,000000 0,000000 0,000000 0,000000
-0,556047 0,523698 0,845363 3,666799 0,000000 0,000000 0,000000 0,000000
-0,574358 0,541398 0,845363 3,660696 0,000000 0,000000 0,000000 0,000000
-0,659200 0,581072 0,840022 3,652303 0,000000 0,000000 0,000000 0,000000
-0,787988 0,631123 0,836207 3,646199 0,000000 0,000000 0,000000 0,000000
-0,952177 0,683614 0,830866 3,637043 0,000000 0,000000 0,000000 0,000000
-1,112095 0,728172 0,831629 3,623310 0,000000 0,000000 0,000000 0,000000
-1,229896 0,770898 0,827051 3,611102 0,000000 0,000000 0,000000 0,000000
-1,276894 0,828272 0,824000 3,599658 0,000000 0,000000 0,000000 0,000000
-1,289102 0,911893 0,819422 3,582110 0,000000 0,000000 0,000000 0,000000
-1,290933 0,994903 0,816370 3,566088 0,000000 0,000000 0,000000 0,000000
-1,273232 1,054720 0,808741 3,548540 0,000000 0,000000 0,000000 0,000000
-1,209754 1,071200 0,808741 3,530229 0,000000 0,000000 0,000000 0,000000
-1,136509 1,020539 0,805689 3,508866 0,000000 0,000000 0,000000 0,000000
-1,138340 0,896634 0,801874 3,488266 0,000000 0,000000 0,000000 0,000000
-1,279336 0,709861 0,798059 3,468428 0,000000 0,000000 0,000000 0,000000
-1,472213 0,496231 0,791955 3,444777 0,000000 0,000000 0,000000 0,000000
-1,540574 0,302133 0,786615 3,422651 0,000000 0,000000 0,000000 0,000000
-1,380047 0,179449 0,787377 3,400525 0,000000 0,000000 0,000000 0,000000
-1,076693 0,133061 0,779748 3,371532 0,000000 0,000000 0,000000 0,000000
-0,861232 0,124516 0,781274 3,347881 0,000000 0,000000 0,000000 0,000000
-0,887478 0,106815 0,772118 3,325755 0,000000 0,000000 0,000000 0,000000
-1,114536 0,076907 0,772118 3,298288 0,000000 0,000000 0,000000 0,000000
-1,340983 0,075076 0,766015 3,270821 0,000000 0,000000 0,000000 0,000000
-1,386151 0,110477 0,764489 3,244880 0,000000 0,000000 0,000000 0,000000
-1,256142 0,149541 0,759148 3,221228 0,000000 0,000000 0,000000 0,000000
-1,086459 0,179449 0,756096 3,189947 0,000000 0,000000 0,000000 0,000000
-1,016877 0,228278 0,752281 3,165532 0,000000 0,000000 0,000000 0,000000
-1,067537 0,324107 0,752281 3,134251 0,000000 0,000000 0,000000 0,000000
-1,148106 0,450453 0,742363 3,105258 0,000000 0,000000 0,000000 0,000000
-1,148717 0,547502 0,739311 3,084658 0,000000 0,000000 0,000000 0,000000
-1,058992 0,524918 0,740074 3,052614 0,000000 0,000000 0,000000 0,000000
-0,998566 0,401013 0,733970 3,033540 0,000000 0,000000 0,000000 0,000000
-1,071200 0,252083 0,729392 3,003021 0,000000 0,000000 0,000000 0,000000
-1,265908 0,200812 0,722526 2,974028 0,000000 0,000000 0,000000 0,000000
-1,443526 0,255745 0,721000 2,944273 0,000000 0,000000 0,000000 0,000000
-1,466109 0,356456 0,711844 2,919858 0,000000 0,000000 0,000000 0,000000
-1,327555 0,441298 0,704978 2,887814 0,000000 0,000000 0,000000 0,000000
-1,178625 0,469985 0,698111 2,864162 0,000000 0,000000 0,000000 0,000000
-1,145054 0,465102 0,696585 2,835932 0,000000 0,000000 0,000000 0,000000
-1,230506 0,450453 0,690481 2,805413 0,000000 0,000000 0,000000 0,000000
-1,347087 0,418714 0,688955 2,785577 0,000000 0,000000 0,000000 0,000000
-1,416669 0,388195 0,678274 2,758873 0,000000 0,000000 0,000000 0,000000
-1,420942 0,410169 0,669881 2,729117 0,000000 0,000000 0,000000 0,000000
-1,390423 0,500504 0,666066 2,703940 0,000000 0,000000 0,000000 0,000000
-1,410565 0,631733 0,660726 2,676473 0,000000 0,000000 0,000000 0,000000
-1,546068 0,760521 0,650807 2,654347 0,000000 0,000000 0,000000 0,000000
-1,794489 0,883816 0,643941 2,630695 0,000000 0,000000 0,000000 0,000000
-2,018494 0,998566 0,636311 2,602466 0,000000 0,000000 0,000000 0,000000
-2,037416 1,079745 0,625629 2,577288 0,000000 0,000000 0,000000 0,000000
-1,825617 1,104160 0,621052 2,558214 0,000000 0,000000 0,000000 0,000000
-1,537522 1,082186 0,608081 2,535325 0,000000 0,000000 0,000000 0,000000
-1,364177 1,036409 0,601215 2,510147 0,000000 0,000000 0,000000 0,000000
-1,384319 0,979034 0,593585 2,493362 0,000000 0,000000 0,000000 0,000000
-1,492355 0,910672 0,580615 2,467421 0,000000 0,000000 0,000000 0,000000
-1,557054 0,831934 0,572222 2,444532 0,000000 0,000000 0,000000 0,000000
-1,500900 0,780663 0,563066 2,430036 0,000000 0,000000 0,000000 0,000000
-1,383709 0,752586 0,555437 2,406384 0,000000 0,000000 0,000000 0,000000
-1,334269 0,740989 0,541704 2,391888 0,000000 0,000000 0,000000 0,000000
-1,428266 0,709860 0,531785 2,367473 0,000000 0,000000 0,000000 0,000000
-1,638844 0,679342 0,521867 2,350688 0,000000 0,000000 0,000000 0,000000
-1,827448 0,674459 0,509659 2,337718 0,000000 0,000000 0,000000 0,000000
-1,848201 0,714744 0,498978 2,315592 0,000000 0,000000 0,000000 0,000000
-1,698660 0,748924 0,482192 2,304147 0,000000 0,000000 0,000000 0,000000
-1,503342 0,745262 0,472274 2,287362 0,000000 0,000000 0,000000 0,000000
-1,398968 0,686056 0,457778 2,272103 0,000000 0,000000 0,000000 0,000000
-1,413007 0,631733 0,445570 2,262184 0,000000 0,000000 0,000000 0,000000
-1,460616 0,590228 0,434889 2,246162 0,000000 0,000000 0,000000 0,000000
-1,456343 0,524918 0,421918 2,236243 0,000000 0,000000 0,000000 0,000000
-1,418500 0,419324 0,405896 2,223273 0,000000 0,000000 0,000000 0,000000
-1,417280 0,295419 0,395215 2,212592 0,000000 0,000000 0,000000 0,000000
-1,531419 0,219733 0,378430 2,201910 0,000000 0,000000 0,000000 0,000000
-1,732841 0,202643 0,366222 2,195807 0,000000 0,000000 0,000000 0,000000
-1,911679 0,229499 0,353252 2,188940 0,000000 0,000000 0,000000 0,000000
-1,940977 0,275887 0,339518 2,179784 0,000000 0,000000 0,000000 0,000000
-1,806696 0,307627 0,324259 2,172918 0,000000 0,000000 0,000000 0,000000
-1,593066 0,347301 0,312052 2,164525 0,000000 0,000000 0,000000 0,000000
-1,465499 0,379040 0,293741 2,162999 0,000000 0,000000 0,000000 0,000000
-1,497849 0,400403 0,287637 2,159947 0,000000 0,000000 0,000000 0,000000
-1,655324 0,407727 0,267800 2,153081 0,000000 0,000000 0,000000 0,000000
-1,799371 0,443739 0,257881 2,153844 0,000000 0,000000 0,000000 0,000000
-1,822565 0,521256 0,241096 2,149266 0,000000 0,000000 0,000000 0,000000
-1,751152 0,629902 0,227363 2,149266 0,000000 0,000000 0,000000 0,000000
-1,742607 0,696432 0,209815 2,144688 0,000000 0,000000 0,000000 0,000000
-1,909238 0,706809 0,199133 2,150029 0,000000 0,000000 0,000000 0,000000
-2,202826 0,660420 0,181585 2,149266 0,000000 0,000000 0,000000 0,000000
-2,459181 0,606708 0,169378 2,148503 0,000000 0,000000 0,000000 0,000000
-2,527543 0,549944 0,154881 2,153844 0,000000 0,000000 0,000000 0,000000
-2,381665 0,477309 0,142674 2,159184 0,000000 0,000000 0,000000 0,000000
-2,155828 0,378430 0,122074 2,160710 0,000000 0,000000 0,000000 0,000000
-2,006287 0,277108 0,116733 2,169866 0,000000 0,000000 0,000000 0,000000
-2,000793 0,211188 0,097659 2,168340 0,000000 0,000000 0,000000 0,000000
-2,087466 0,186163 0,089267 2,179784 0,000000 0,000000 0,000000 0,000000
-2,158879 0,166631 0,070193 2,182073 0,000000 0,000000 0,000000 0,000000
-2,157048 0,074465 0,061037 2,187414 0,000000 0,000000 0,000000 0,000000
-2,100284 -0,042726 0,045015 2,195044 0,000000 0,000000 0,000000 0,000000
-2,058168 -0,119633 0,034333 2,203436 0,000000 0,000000 0,000000 0,000000
-2,063051 -0,111698 0,022126 2,211829 0,000000 0,000000 0,000000 0,000000
-2,079531 -0,032960 0,010681 2,215644 0,000000 0,000000 0,000000 0,000000
-2,083193 0,068972 -0,003052 2,224799 0,000000 0,000000 0,000000 0,000000
-2,042909 0,162969 -0,015259 2,233192 0,000000 0,000000 0,000000 0,000000
-1,974547 0,235603 -0,028993 2,237006 0,000000 0,000000 0,000000 0,000000
-1,940367 0,273446 -0,041200 2,243110 0,000000 0,000000 0,000000 0,000000
-2,006897 0,259407 -0,048067 2,252266 0,000000 0,000000 0,000000 0,000000
-2,169866 0,209967 -0,059511 2,259896 0,000000 0,000000 0,000000 0,000000
-2,328562 0,181890 -0,069430 2,269051 0,000000 0,000000 0,000000 0,000000
-2,348094 0,178228 -0,082400 2,275918 0,000000 0,000000 0,000000 0,000000
-2,220527 0,187384 -0,094607 2,279733 0,000000 0,000000 0,000000 0,000000
-2,080752 0,155644 -0,104526 2,288125 0,000000 0,000000 0,000000 0,000000
-2,075869 0,072634 -0,112918 2,291940 0,000000 0,000000 0,000000 0,000000
-2,232124 -0,019532 -0,122837 2,298044 0,000000 0,000000 0,000000 0,000000
-2,420728 -0,070193 -0,133518 2,297281 0,000000 0,000000 0,000000 0,000000
-2,482376 -0,035401 -0,138096 2,301858 0,000000 0,000000 0,000000 0,000000
-2,379223 0,038453 -0,146489 2,307962 0,000000 0,000000 0,000000 0,000000
-2,187566 0,127567 -0,159459 2,307962 0,000000 0,000000 0,000000 0,000000
-2,029481 0,224616 -0,162511 2,307199 0,000000 0,000000 0,000000 0,000000
-1,988586 0,342418 -0,170141 2,311777 0,000000 0,000000 0,000000 0,000000
-2,084414 0,466323 -0,181585 2,311014 0,000000 0,000000 0,000000 0,000000
-2,243721 0,572527 -0,182348 2,307962 0,000000 0,000000 0,000000 0,000000
-2,365184 0,639668 -0,191504 2,302622 0,000000 0,000000 0,000000 0,000000
-2,379833 0,681783 -0,197607 2,299570 0,000000 0,000000 0,000000 0,000000
-2,328562 0,708029 -0,205237 2,296518 0,000000 0,000000 0,000000 0,000000
-2,307199 0,718406 -0,206000 2,291177 0,000000 0,000000 0,000000 0,000000
-2,364574 0,714133 -0,211341 2,289651 0,000000 0,000000 0,000000 0,000000
-2,423780 0,722068 -0,219733 2,277444 0,000000 0,000000 0,000000 0,000000
-2,376782 0,756249 -0,224311 2,263710 0,000000 0,000000 0,000000 0,000000
-2,221747 0,791040 -0,226600 2,265999 0,000000 0,000000 0,000000 0,000000
-2,084414 0,798975 -0,231178 2,245399 0,000000 0,000000 0,000000 0,000000
-2,121647 0,761742 -0,234230 2,234718 0,000000 0,000000 0,000000 0,000000
-2,327341 0,679952 -0,238044 2,223274 0,000000 0,000000 0,000000 0,000000
-2,573320 0,577410 -0,239570 2,208777 0,000000 0,000000 0,000000 0,000000
-2,703940 0,469375 -0,241859 2,195044 0,000000 0,000000 0,000000 0,000000
-2,628254 0,360118 -0,247963 2,177495 0,000000 0,000000 0,000000 0,000000
-2,395703 0,263680 -0,251778 2,165288 0,000000 0,000000 0,000000 0,000000
-2,171697 0,168462 -0,249489 2,143925 0,000000 0,000000 0,000000 0,000000
-2,101504 0,105594 -0,249489 2,130955 0,000000 0,000000 0,000000 0,000000
-2,211371 0,125736 -0,254830 2,112644 0,000000 0,000000 0,000000 0,000000
-2,383496 0,195318 -0,252541 2,092807 0,000000 0,000000 0,000000 0,000000
-2,483596 0,223395 -0,255592 2,070681 0,000000 0,000000 0,000000 0,000000
-2,473220 0,181890 -0,254067 2,054659 0,000000 0,000000 0,000000 0,000000
-2,399365 0,118412 -0,253304 2,033296 0,000000 0,000000 0,000000 0,000000
-2,371288 0,108646 -0,255592 2,011170 0,000000 0,000000 0,000000 0,000000
-2,448195 0,145878 -0,250252 1,993622 0,000000 0,000000 0,000000 0,000000
-2,595294 0,178838 -0,251778 1,974547 0,000000 0,000000 0,000000 0,000000
-2,696005 0,150761 -0,244148 1,952422 0,000000 0,000000 0,000000 0,000000
-2,627644 0,068361 -0,247200 1,928770 0,000000 0,000000 0,000000 0,000000
-2,427442 -0,032350 -0,242622 1,906644 0,000000 0,000000 0,000000 0,000000
-2,285836 -0,098270 -0,241859 1,884518 0,000000 0,000000 0,000000 0,000000
-2,332835 -0,083621 -0,241859 1,867733 0,000000 0,000000 0,000000 0,000000
-2,487868 -0,000610 -0,236518 1,843318 0,000000 0,000000 0,000000 0,000000
-2,526933 0,134892 -0,236518 1,826532 0,000000 0,000000 0,000000 0,000000
-2,352977 0,277108 -0,227363 1,805170 0,000000 0,000000 0,000000 0,000000
-2,083193 0,404065 -0,225837 1,783044 0,000000 0,000000 0,000000 0,000000
-1,939757 0,491348 -0,222022 1,761681 0,000000 0,000000 0,000000 0,000000
-2,044740 0,464492 -0,222785 1,741844 0,000000 0,000000 0,000000 0,000000
-2,316965 0,320444 -0,212867 1,725821 0,000000 0,000000 0,000000 0,000000
-2,562334 0,119633 -0,210578 1,709037 0,000000 0,000000 0,000000 0,000000
-2,612994 -0,043336 -0,206000 1,689962 0,000000 0,000000 0,000000 0,000000
-2,475051 -0,124515 -0,203711 1,670888 0,000000 0,000000 0,000000 0,000000
-2,298654 -0,126957 -0,201422 1,650288 0,000000 0,000000 0,000000 0,000000
-2,208929 -0,058596 -0,196844 1,639607 0,000000 0,000000 0,000000 0,000000
-2,196112 0,045778 -0,192267 1,619007 0,000000 0,000000 0,000000 0,000000
-2,196722 0,122074 -0,182348 1,604510 0,000000 0,000000 0,000000 0,000000
-2,183905 0,092166 -0,182348 1,595355 0,000000 0,000000 0,000000 0,000000
-2,207709 -0,014039 -0,181585 1,580096 0,000000 0,000000 0,000000 0,000000
-2,294381 -0,122074 -0,180059 1,564837 0,000000 0,000000 0,000000 0,000000
-2,421949 -0,169683 -0,170141 1,552629 0,000000 0,000000 0,000000 0,000000
-2,549516 -0,142827 -0,169378 1,539659 0,000000 0,000000 0,000000 0,000000
-2,631306 -0,103763 -0,165563 1,529740 0,000000 0,000000 0,000000 0,000000
-2,604450 -0,100711 -0,162511 1,519822 0,000000 0,000000 0,000000 0,000000
-2,440871 -0,155034 -0,160985 1,509903 0,000000 0,000000 0,000000 0,000000
-2,203436 -0,257576 -0,157933 1,500748 0,000000 0,000000 0,000000 0,000000
-2,043519 -0,382702 -0,160222 1,490066 0,000000 0,000000 0,000000 0,000000
-2,089297 -0,502945 -0,155644 1,483199 0,000000 0,000000 0,000000 0,000000
-2,315134 -0,615864 -0,151830 1,478622 0,000000 0,000000 0,000000 0,000000
-2,562334 -0,678121 -0,151830 1,469466 0,000000 0,000000 0,000000 0,000000
-2,674032 -0,667135 -0,148015 1,462599 0,000000 0,000000 0,000000 0,000000
-2,629475 -0,584124 -0,150304 1,459548 0,000000 0,000000 0,000000 0,000000
-2,528763 -0,472427 -0,151067 1,456496 0,000000 0,000000 0,000000 0,000000
-2,510453 -0,362560 -0,147252 1,453444 0,000000 0,000000 0,000000 0,000000
-2,596515 -0,259407 -0,148778 1,448866 0,000000 0,000000 0,000000 0,000000
-2,680746 -0,155034 -0,147252 1,451155 0,000000 0,000000 0,000000 0,000000
-2,688070 -0,082400 -0,150304 1,449629 0,000000 0,000000 0,000000 0,000000
-2,641072 -0,058596 -0,154118 1,441999 0,000000 0,000000 0,000000 0,000000
-2,608722 -0,057985 -0,154118 1,449629 0,000000 0,000000 0,000000 0,000000
-2,626423 -0,056154 -0,151830 1,447340 0,000000 0,000000 0,000000 0,000000
-2,672200 -0,028687 -0,151830 1,451918 0,000000 0,000000 0,000000 0,000000
-2,725303 0,001831 -0,155644 1,451918 0,000000 0,000000 0,000000 0,000000
-2,741173 0,047609 -0,158696 1,461074 0,000000 0,000000 0,000000 0,000000
-2,674032 0,104984 -0,160985 1,460311 0,000000 0,000000 0,000000 0,000000
-2,563555 0,180670 -0,164037 1,466414 0,000000 0,000000 0,000000 0,000000
-2,515946 0,271004 -0,168615 1,474044 0,000000 0,000000 0,000000 0,000000
-2,617268 0,368664 -0,167852 1,483963 0,000000 0,000000 0,000000 0,000000
-2,817468 0,452284 -0,170904 1,490066 0,000000 0,000000 0,000000 0,000000
-2,958464 0,538347 -0,179296 1,500748 0,000000 0,000000 0,000000 0,000000
-2,921232 0,600604 -0,181585 1,509140 0,000000 0,000000 0,000000 0,000000
-2,705771 0,630512 -0,183111 1,517533 0,000000 0,000000 0,000000 0,000000
-2,467727 0,607318 -0,189978 1,531266 0,000000 0,000000 0,000000 0,000000
-2,384106 0,487686 -0,193030 1,538896 0,000000 0,000000 0,000000 0,000000
-2,501297 0,322886 -0,193793 1,558733 0,000000 0,000000 0,000000 0,000000
-2,728354 0,152593 -0,194555 1,567126 0,000000 0,000000 0,000000 0,000000
-2,916348 0,036012 -0,199133 1,583148 0,000000 0,000000 0,000000 0,000000
-2,976165 0,004883 -0,202185 1,598407 0,000000 0,000000 0,000000 0,000000
-2,891323 0,061647 -0,212867 1,615955 0,000000 0,000000 0,000000 0,000000
-2,719810 0,188604 -0,215155 1,631214 0,000000 0,000000 0,000000 0,000000
-2,535478 0,355235 -0,214393 1,650288 0,000000 0,000000 0,000000 0,000000
-2,424390 0,516984 -0,221259 1,662496 0,000000 0,000000 0,000000 0,000000
-2,381665 0,584124 -0,223548 1,683096 0,000000 0,000000 0,000000 0,000000
-2,354808 0,494400 -0,230415 1,702170 0,000000 0,000000 0,000000 0,000000
-2,325511 0,278939 -0,231941 1,717429 0,000000 0,000000 0,000000 0,000000
-2,343822 0,034791 -0,234992 1,739555 0,000000 0,000000 0,000000 0,000000
-2,415235 -0,137944 -0,238807 1,760155 0,000000 0,000000 0,000000 0,000000
-2,459182 -0,206915 -0,241096 1,776940 0,000000 0,000000 0,000000 0,000000
-2,385326 -0,186773 -0,243385 1,796777 0,000000 0,000000 0,000000 0,000000
-2,213202 -0,139164 -0,253304 1,809748 0,000000 0,000000 0,000000 0,000000
-2,059388 -0,101932 -0,254830 1,838740 0,000000 0,000000 0,000000 0,000000
-2,024598 -0,080569 -0,255592 1,858577 0,000000 0,000000 0,000000 0,000000
-2,125920 -0,085452 -0,258644 1,870021 0,000000 0,000000 0,000000 0,000000
-2,281564 -0,075686 -0,266274 1,890622 0,000000 0,000000 0,000000 0,000000
-2,373729 -0,030519 -0,266274 1,912747 0,000000 0,000000 0,000000 0,000000
-2,318186 0,041505 -0,268563 1,928769 0,000000 0,000000 0,000000 0,000000
-2,151555 0,123905 -0,271615 1,943266 0,000000 0,000000 0,000000 0,000000
-1,984313 0,198981 -0,274667 1,965392 0,000000 0,000000 0,000000 0,000000
-1,910459 0,262459 -0,270852 1,989044 0,000000 0,000000 0,000000 0,000000
-1,927549 0,288705 -0,270852 1,999725 0,000000 0,000000 0,000000 0,000000
-2,034363 0,249031 -0,276955 2,016510 0,000000 0,000000 0,000000 0,000000
-2,166204 0,129399 -0,271615 2,037111 0,000000 0,000000 0,000000 0,000000
-2,265694 -0,043336 -0,274667 2,053895 0,000000 0,000000 0,000000 0,000000
-2,271188 -0,216681 -0,272378 2,072206 0,000000 0,000000 0,000000 0,000000
-2,179021 -0,351573 -0,278481 2,085177 0,000000 0,000000 0,000000 0,000000
-2,077700 -0,441298 -0,276955 2,099673 0,000000 0,000000 0,000000 0,000000
-2,054506 -0,504776 -0,271615 2,111881 0,000000 0,000000 0,000000 0,000000
-2,124698 -0,560320 -0,267037 2,124088 0,000000 0,000000 0,000000 0,000000
-2,229072 -0,588397 -0,267037 2,137058 0,000000 0,000000 0,000000 0,000000
-2,294992 -0,542619 -0,269326 2,149266 0,000000 0,000000 0,000000 0,000000
-2,302316 -0,453505 -0,264748 2,159947 0,000000 0,000000 0,000000 0,000000
-2,269356 -0,352794 -0,257118 2,167577 0,000000 0,000000 0,000000 0,000000
-2,247993 -0,318003 -0,257881 2,176733 0,000000 0,000000 0,000000 0,000000
-2,238838 -0,354015 -0,253304 2,182073 0,000000 0,000000 0,000000 0,000000
-2,219916 -0,426038 -0,247963 2,190466 0,000000 0,000000 0,000000 0,000000
-2,200995 -0,481582 -0,249489 2,198859 0,000000 0,000000 0,000000 0,000000
-2,203436 -0,486465 -0,238807 2,208014 0,000000 0,000000 0,000000 0,000000
-2,240058 -0,463881 -0,233467 2,213355 0,000000 0,000000 0,000000 0,000000
-2,276070 -0,457167 -0,230415 2,217933 0,000000 0,000000 0,000000 0,000000
-2,274239 -0,464492 -0,220496 2,224799 0,000000 0,000000 0,000000 0,000000
-2,223578 -0,491348 -0,219733 2,230140 0,000000 0,000000 0,000000 0,000000
-2,146672 -0,556047 -0,213630 2,229377 0,000000 0,000000 0,000000 0,000000
-2,053895 -0,653706 -0,202185 2,232429 0,000000 0,000000 0,000000 0,000000
-1,947081 -0,773949 -0,196844 2,237006 0,000000 0,000000 0,000000 0,000000
-1,834162 -0,866115 -0,190741 2,240058 0,000000 0,000000 0,000000 0,000000
-1,716361 -0,915555 -0,180059 2,242347 0,000000 0,000000 0,000000 0,000000
-1,630299 -0,925932 -0,175481 2,240058 0,000000 0,000000 0,000000 0,000000
-1,621753 -0,932035 -0,162511 2,241584 0,000000 0,000000 0,000000 0,000000
-1,693167 -0,923490 -0,153356 2,240821 0,000000 0,000000 0,000000 0,000000
-1,779839 -0,870998 -0,144200 2,240821 0,000000 0,000000 0,000000 0,000000
-1,801202 -0,756249 -0,132756 2,242347 0,000000 0,000000 0,000000 0,000000
-1,745659 -0,593890 -0,126652 2,237006 0,000000 0,000000 0,000000 0,000000
-1,662648 -0,408948 -0,116733 2,233955 0,000000 0,000000 0,000000 0,000000
-1,583911 -0,240486 -0,106052 2,230140 0,000000 0,000000 0,000000 0,000000
-1,488693 -0,114139 -0,096133 2,230903 0,000000 0,000000 0,000000 0,000000
-1,394696 -0,062868 -0,090030 2,227088 0,000000 0,000000 0,000000 0,000000
-1,373943 -0,093997 -0,077059 2,223273 0,000000 0,000000 0,000000 0,000000
-1,484420 -0,189825 -0,070193 2,220221 0,000000 0,000000 0,000000 0,000000
-1,640675 -0,294809 -0,061800 2,213355 0,000000 0,000000 0,000000 0,000000
-1,723686 -0,354015 -0,048830 2,211829 0,000000 0,000000 0,000000 0,000000
-1,684011 -0,324717 -0,036622 2,200384 0,000000 0,000000 0,000000 0,000000
-1,585131 -0,233772 -0,025941 2,200384 0,000000 0,000000 0,000000 0,000000
-1,491134 -0,133061 -0,020600 2,193518 0,000000 0,000000 0,000000 0,000000
-1,397137 -0,105594 -0,013733 2,185888 0,000000 0,000000 0,000000 0,000000
-1,327555 -0,147710 -0,001526 2,181310 0,000000 0,000000 0,000000 0,000000
-1,323893 -0,224616 0,009919 2,173681 0,000000 0,000000 0,000000 0,000000
-1,422163 -0,305185 0,016785 2,166814 0,000000 0,000000 0,000000 0,000000
-1,569872 -0,349132 0,022126 2,159947 0,000000 0,000000 0,000000 0,000000
-1,657765 -0,361339 0,035096 2,151555 0,000000 0,000000 0,000000 0,000000
-1,646168 -0,315561 0,043489 2,140110 0,000000 0,000000 0,000000 0,000000
-1,553392 -0,222175 0,051119 2,134007 0,000000 0,000000 0,000000 0,000000
-1,439863 -0,131230 0,056459 2,124851 0,000000 0,000000 0,000000 0,000000
-1,383709 -0,091556 0,061800 2,115695 0,000000 0,000000 0,000000 0,000000
-1,426435 -0,095828 0,064852 2,107303 0,000000 0,000000 0,000000 0,000000
-1,562547 -0,109867 0,067904 2,095859 0,000000 0,000000 0,000000 0,000000
-1,718192 -0,089724 0,076296 2,090518 0,000000 0,000000 0,000000 0,000000
-1,844539 -0,057375 0,079348 2,076785 0,000000 0,000000 0,000000 0,000000
-1,919614 -0,057985 0,081637 2,069918 0,000000 0,000000 0,000000 0,000000
-1,942198 -0,076296 0,089267 2,056948 0,000000 0,000000 0,000000 0,000000
-1,908628 -0,075076 0,093081 2,050081 0,000000 0,000000 0,000000 0,000000
-1,834163 -0,049440 0,090030 2,034822 0,000000 0,000000 0,000000 0,000000
-1,810968 -0,053713 0,093844 2,027192 0,000000 0,000000 0,000000 0,000000
-1,929990 -0,132450 0,097659 2,019562 0,000000 0,000000 0,000000 0,000000
-2,144231 -0,271615 0,089267 2,005829 0,000000 0,000000 0,000000 0,000000
-2,310251 -0,393078 0,090030 1,996673 0,000000 0,000000 0,000000 0,000000
-2,329783 -0,466933 0,089267 1,983703 0,000000 0,000000 0,000000 0,000000
-2,268745 -0,496231 0,090030 1,972259 0,000000 0,000000 0,000000 0,000000
-2,265694 -0,501114 0,085452 1,960051 0,000000 0,000000 0,000000 0,000000
-2,323679 -0,451674 0,086215 1,950133 0,000000 0,000000 0,000000 0,000000
-2,311472 -0,327769 0,081637 1,933348 0,000000 0,000000 0,000000 0,000000
-2,152165 -0,158086 0,077822 1,921903 0,000000 0,000000 0,000000 0,000000
-1,942808 0,014649 0,075533 1,911984 0,000000 0,000000 0,000000 0,000000
-1,868343 0,112918 0,071718 1,899777 0,000000 0,000000 0,000000 0,000000
-1,974547 0,123905 0,068667 1,884518 0,000000 0,000000 0,000000 0,000000
-2,146672 0,081790 0,064089 1,873073 0,000000 0,000000 0,000000 0,000000
-2,240669 0,007935 0,059511 1,853236 0,000000 0,000000 0,000000 0,000000
-2,220527 -0,090335 0,053407 1,839503 0,000000 0,000000 0,000000 0,000000
-2,138127 -0,218513 0,048067 1,824244 0,000000 0,000000 0,000000 0,000000
-2,065493 -0,376598 0,036622 1,807459 0,000000 0,000000 0,000000 0,000000
-2,003845 -0,529801 0,032807 1,788385 0,000000 0,000000 0,000000 0,000000
-1,969664 -0,631733 0,030519 1,771599 0,000000 0,000000 0,000000 0,000000
-1,980041 -0,657979 0,019837 1,753288 0,000000 0,000000 0,000000 0,000000
-1,997742 -0,595111 0,019837 1,736503 0,000000 0,000000 0,000000 0,000000
-1,967833 -0,476089 0,009919 1,712852 0,000000 0,000000 0,000000 0,000000
-1,853084 -0,346080 0,003815 1,699118 0,000000 0,000000 0,000000 0,000000
-1,730399 -0,249031 -0,003052 1,673177 0,000000 0,000000 0,000000 0,000000
-1,720023 -0,206305 -0,009919 1,652577 0,000000 0,000000 0,000000 0,000000
-1,857967 -0,224006 -0,017548 1,627400 0,000000 0,000000 0,000000 0,000000
-2,059389 -0,286264 -0,019074 1,605273 0,000000 0,000000 0,000000 0,000000
-2,185125 -0,368053 -0,025178 1,579333 0,000000 0,000000 0,000000 0,000000
-2,164372 -0,452895 -0,034333 1,547289 0,000000 0,000000 0,000000 0,000000
-2,061220 -0,545061 -0,037385 1,525925 0,000000 0,000000 0,000000 0,000000
-1,985534 -0,652486 -0,044252 1,497696 0,000000 0,000000 0,000000 0,000000
-1,981872 -0,736106 -0,047304 1,467177 0,000000 0,000000 0,000000 0,000000
-1,987976 -0,758080 -0,054170 1,435133 0,000000 0,000000 0,000000 0,000000
-1,910459 -0,679342 -0,059511 1,406903 0,000000 0,000000 0,000000 0,000000
-1,723685 -0,558489 -0,067904 1,373333 0,000000 0,000000 0,000000 0,000000
-1,527146 -0,486465 -0,068667 1,340525 0,000000 0,000000 0,000000 0,000000
-1,469771 -0,505386 -0,070956 1,310007 0,000000 0,000000 0,000000 0,000000
-1,609546 -0,568865 -0,075533 1,271859 0,000000 0,000000 0,000000 0,000000
-1,843928 -0,605487 -0,080874 1,233711 0,000000 0,000000 0,000000 0,000000
-1,973327 -0,603656 -0,082400 1,198614 0,000000 0,000000 0,000000 0,000000
-1,880550 -0,598163 -0,088504 1,161992 0,000000 0,000000 0,000000 0,000000
-1,600391 -0,654317 -0,093081 1,120029 0,000000 0,000000 0,000000 0,000000
-1,312906 -0,742820 -0,089267 1,085696 0,000000 0,000000 0,000000 0,000000
-1,162145 -0,820948 -0,096133 1,042970 0,000000 0,000000 0,000000 0,000000
-1,185949 -0,845363 -0,095370 1,005585 0,000000 0,000000 0,000000 0,000000
-1,315958 -0,843532 -0,103000 0,964385 0,000000 0,000000 0,000000 0,000000
-1,434370 -0,844752 -0,098422 0,921659 0,000000 0,000000 0,000000 0,000000
-1,456954 -0,858180 -0,095370 0,878170 0,000000 0,000000 0,000000 0,000000
-1,384930 -0,828883 -0,099948 0,838496 0,000000 0,000000 0,000000 0,000000
-1,270180 -0,717795 -0,103000 0,796533 0,000000 0,000000 0,000000 0,000000
-1,188391 -0,560930 -0,104526 0,749229 0,000000 0,000000 0,000000 0,000000
-1,188391 -0,418104 -0,103763 0,708792 0,000000 0,000000 0,000000 0,000000
-1,245765 -0,364391 -0,102237 0,663778 0,000000 0,000000 0,000000 0,000000
-1,287881 -0,422376 -0,102237 0,618763 0,000000 0,000000 0,000000 0,000000
-1,279336 -0,566424 -0,103763 0,572985 0,000000 0,000000 0,000000 0,000000
-1,262245 -0,748924 -0,103763 0,528733 0,000000 0,000000 0,000000 0,000000
-1,306192 -0,899075 -0,104526 0,482192 0,000000 0,000000 0,000000 0,000000
-1,390423 -0,947905 -0,103763 0,434889 0,000000 0,000000 0,000000 0,000000
-1,407513 -0,892972 -0,109104 0,393689 0,000000 0,000000 0,000000 0,000000
-1,264687 -0,759301 -0,109104 0,347148 0,000000 0,000000 0,000000 0,000000
-1,017487 -0,585955 -0,102237 0,301370 0,000000 0,000000 0,000000 0,000000
-0,825831 -0,393078 -0,106815 0,251015 0,000000 0,000000 0,000000 0,000000
-0,834986 -0,221564 -0,109104 0,208289 0,000000 0,000000 0,000000 0,000000
-1,007111 -0,110477 -0,103763 0,159459 0,000000 0,000000 0,000000 0,000000
-1,217078 -0,103153 -0,106815 0,118259 0,000000 0,000000 0,000000 0,000000
-1,387372 -0,191656 -0,106052 0,074770 0,000000 0,000000 0,000000 0,000000
-1,521653 -0,313730 -0,106052 0,023652 0,000000 0,000000 0,000000 0,000000
-1,633350 -0,412610 -0,109104 -0,016022 0,000000 0,000000 0,000000 0,000000
-1,663259 -0,453505 -0,108341 -0,057985 0,000000 0,000000 0,000000 0,000000
-1,544847 -0,451064 -0,110630 -0,103000 0,000000 0,000000 0,000000 0,000000
-1,339152 -0,447401 -0,109104 -0,147252 0,000000 0,000000 0,000000 0,000000
-1,216468 -0,444960 -0,111393 -0,193030 0,000000 0,000000 0,000000 0,000000
-1,269570 -0,440077 -0,112156 -0,235755 0,000000 0,000000 0,000000 0,000000
-1,417280 -0,416883 -0,116733 -0,278481 0,000000 0,000000 0,000000 0,000000
-1,496628 -0,385144 -0,114444 -0,315104 0,000000 0,000000 0,000000 0,000000
-1,450240 -0,360118 -0,119785 -0,360118 0,000000 0,000000 0,000000 0,000000
-1,359905 -0,319224 -0,119022 -0,401318 0,000000 0,000000 0,000000 0,000000
-1,304361 -0,272836 -0,125126 -0,439467 0,000000 0,000000 0,000000 0,000000
-1,303140 -0,248421 -0,125889 -0,479904 0,000000 0,000000 0,000000 0,000000
-1,315348 -0,282601 -0,126652 -0,515763 0,000000 0,000000 0,000000 0,000000
-1,314737 -0,386364 -0,128178 -0,553911 0,000000 0,000000 0,000000 0,000000
-1,338542 -0,523698 -0,135044 -0,586718 0,000000 0,000000 0,000000 0,000000
-1,416059 -0,645772 -0,135807 -0,623340 0,000000 0,000000 0,000000 0,000000
-1,502731 -0,714133 -0,141148 -0,655385 0,000000 0,000000 0,000000 0,000000
-1,532029 -0,694601 -0,138859 -0,688955 0,000000 0,000000 0,000000 0,000000
-1,467940 -0,610980 -0,144963 -0,721000 0,000000 0,000000 0,000000 0,000000
-1,344035 -0,485855 -0,151067 -0,753807 0,000000 0,000000 0,000000 0,000000
-1,197546 -0,315561 -0,154881 -0,779748 0,000000 0,000000 0,000000 0,000000
-1,065096 -0,160527 -0,160222 -0,810266 0,000000 0,000000 0,000000 0,000000
-0,996734 -0,085452 -0,167852 -0,839259 0,000000 0,000000 0,000000 0,000000
-1,049226 -0,128178 -0,171667 -0,867489 0,000000 0,000000 0,000000 0,000000
-1,228675 -0,222785 -0,179296 -0,892666 0,000000 0,000000 0,000000 0,000000
-1,456954 -0,305185 -0,183111 -0,913266 0,000000 0,000000 0,000000 0,000000
-1,586352 -0,327158 -0,186926 -0,936918 0,000000 0,000000 0,000000 0,000000
-1,528977 -0,313120 -0,196844 -0,957518 0,000000 0,000000 0,000000 0,000000
-1,274453 -0,337535 -0,201422 -0,975829 0,000000 0,000000 0,000000 0,000000
-0,937528 -0,435804 -0,206000 -0,991852 0,000000 0,000000 0,000000 0,000000
-0,672017 -0,571307 -0,215918 -1,013215 0,000000 0,000000 0,000000 0,000000
-0,578021 -0,668355 -0,222022 -1,026948 0,000000 0,000000 0,000000 0,000000
-0,651875 -0,668355 -0,228126 -1,044496 0,000000 0,000000 0,000000 0,000000
-0,810571 -0,572527 -0,234230 -1,055177 0,000000 0,000000 0,000000 0,000000
-0,947294 -0,433363 -0,238807 -1,065859 0,000000 0,000000 0,000000 0,000000
-1,015656 -0,295419 -0,244911 -1,076540 0,000000 0,000000 0,000000 0,000000
-1,022370 -0,195318 -0,251015 -1,088748 0,000000 0,000000 0,000000 0,000000
-1,004669 -0,159917 -0,260933 -1,096378 0,000000 0,000000 0,000000 0,000000
-0,977813 -0,184942 -0,267037 -1,104007 0,000000 0,000000 0,000000 0,000000
-0,926542 -0,294198 -0,265511 -1,108585 0,000000 0,000000 0,000000 0,000000
-0,869167 -0,458388 -0,277718 -1,116214 0,000000 0,000000 0,000000 0,000000
-0,901517 -0,625629 -0,286874 -1,119266 0,000000 0,000000 0,000000 0,000000
-1,066317 -0,717185 -0,289926 -1,119266 0,000000 0,000000 0,000000 0,000000
-1,290322 -0,692160 -0,293741 -1,122318 0,000000 0,000000 0,000000 0,000000
-1,398358 -0,596332 -0,303659 -1,123081 0,000000 0,000000 0,000000 0,000000
-1,311075 -0,504776 -0,304422 -1,120029 0,000000 0,000000 0,000000 0,000000
-1,110263 -0,452895 -0,311289 -1,117740 0,000000 0,000000 0,000000 0,000000
-0,934477 -0,409558 -0,319681 -1,113926 0,000000 0,000000 0,000000 0,000000
-0,833155 -0,366832 -0,323496 -1,111637 0,000000 0,000000 0,000000 0,000000
-0,808740 -0,336924 -0,328074 -1,107059 0,000000 0,000000 0,000000 0,000000
-0,870388 -0,375988 -0,334178 -1,099429 0,000000 0,000000 0,000000 0,000000
-1,024201 -0,495621 -0,336467 -1,091037 0,000000 0,000000 0,000000 0,000000
-1,213416 -0,684225 -0,344859 -1,084933 0,000000 0,000000 0,000000 0,000000
-1,290323 -0,882595 -0,350200 -1,073489 0,000000 0,000000 0,000000 0,000000
-1,179845 -1,033967 -0,352489 -1,061281 0,000000 0,000000 0,000000 0,000000
-0,975372 -1,105380 -0,358592 -1,054415 0,000000 0,000000 0,000000 0,000000
-0,852077 -1,096835 -0,360118 -1,039155 0,000000 0,000000 0,000000 0,000000
-0,820337 -1,035798 -0,366985 -1,030000 0,000000 0,000000 0,000000 0,000000
-0,783105 -0,963164 -0,370037 -1,017792 0,000000 0,000000 0,000000 0,000000
-0,697043 -0,891751 -0,375378 -1,004059 0,000000 0,000000 0,000000 0,000000
-0,621357 -0,775170 -0,378430 -0,984985 0,000000 0,000000 0,000000 0,000000
-0,626850 -0,616474 -0,386822 -0,971251 0,000000 0,000000 0,000000 0,000000
-0,684225 -0,468764 -0,384533 -0,956755 0,000000 0,000000 0,000000 0,000000
-0,707419 -0,383923 -0,391400 -0,939970 0,000000 0,000000 0,000000 0,000000
-0,648213 -0,348521 -0,391400 -0,919370 0,000000 0,000000 0,000000 0,000000
-0,524308 -0,314951 -0,391400 -0,904111 0,000000 0,000000 0,000000 0,000000
-0,380261 -0,305185 -0,401318 -0,887326 0,000000 0,000000 0,000000 0,000000
-0,269173 -0,378430 -0,405133 -0,872066 0,000000 0,000000 0,000000 0,000000
-0,210578 -0,546281 -0,408185 -0,848415 0,000000 0,000000 0,000000 0,000000
-0,227058 -0,751366 -0,408948 -0,833918 0,000000 0,000000 0,000000 0,000000
-0,313730 -0,886257 -0,415815 -0,814081 0,000000 0,000000 0,000000 0,000000
-0,415052 -0,905789 -0,417341 -0,794244 0,000000 0,000000 0,000000 0,000000
-0,446181 -0,811182 -0,419629 -0,776696 0,000000 0,000000 0,000000 0,000000
-0,377819 -0,687887 -0,420392 -0,758385 0,000000 0,000000 0,000000 0,000000
-0,219123 -0,578021 -0,425733 -0,745415 0,000000 0,000000 0,000000 0,000000
-0,050050 -0,499283 -0,429548 -0,726341 0,000000 0,000000 0,000000 0,000000
0,024415 -0,440077 -0,433363 -0,708029 0,000000 0,000000 0,000000 0,000000
-0,037843 -0,380261 -0,442518 -0,699637 0,000000 0,000000 0,000000 0,000000
-0,199591 -0,333262 -0,441755 -0,675985 0,000000 0,000000 0,000000 0,000000
-0,338755 -0,307016 -0,443281 -0,662252 0,000000 0,000000 0,000000 0,000000
-0,404675 -0,324107 -0,447096 -0,643941 0,000000 0,000000 0,000000 0,000000
-0,401013 -0,378430 -0,449385 -0,635548 0,000000 0,000000 0,000000 0,000000
-0,382092 -0,472426 -0,457015 -0,620289 0,000000 0,000000 0,000000 0,000000
-0,387585 -0,585955 -0,457778 -0,606555 0,000000 0,000000 0,000000 0,000000
-0,395520 -0,680563 -0,467696 -0,600452 0,000000 0,000000 0,000000 0,000000
-0,349742 -0,717185 -0,468459 -0,584429 0,000000 0,000000 0,000000 0,000000
-0,236213 -0,675680 -0,472274 -0,577563 0,000000 0,000000 0,000000 0,000000
-0,123905 -0,581683 -0,477615 -0,566118 0,000000 0,000000 0,000000 0,000000
-0,078738 -0,466933 -0,483718 -0,550096 0,000000 0,000000 0,000000 0,000000
-0,127567 -0,405286 -0,484481 -0,545518 0,000000 0,000000 0,000000 0,000000
-0,210578 -0,424818 -0,487533 -0,537126 0,000000 0,000000 0,000000 0,000000
-0,283212 -0,535905 -0,492111 -0,534074 0,000000 0,000000 0,000000 0,000000
-0,314951 -0,722068 -0,497452 -0,527207 0,000000 0,000000 0,000000 0,000000
-0,296030 -0,909451 -0,498978 -0,521867 0,000000 0,000000 0,000000 0,000000
-0,253914 -1,063875 -0,504318 -0,518052 0,000000 0,000000 0,000000 0,000000
-0,247810 -1,120640 -0,508896 -0,505844 0,000000 0,000000 0,000000 0,000000
-0,291757 -1,052888 -0,512711 -0,508133 0,000000 0,000000 0,000000 0,000000
-0,332041 -0,861843 -0,515000 -0,500503 0,000000 0,000000 0,000000 0,000000
-0,275887 -0,602435 -0,521867 -0,503555 0,000000 0,000000 0,000000 0,000000
-0,101932 -0,366832 -0,522629 -0,493637 0,000000 0,000000 0,000000 0,000000
0,123905 -0,201422 -0,527207 -0,495163 0,000000 0,000000 0,000000 0,000000
0,263680 -0,115970 -0,531785 -0,495163 0,000000 0,000000 0,000000 0,000000
0,238044 -0,076907 -0,538652 -0,491348 0,000000 0,000000 0,000000 0,000000
0,076296 -0,098880 -0,543992 -0,490585 0,000000 0,000000 0,000000 0,000000
-0,062868 -0,176397 -0,546281 -0,496689 0,000000 0,000000 0,000000 0,000000
-0,081790 -0,338145 -0,553148 -0,492111 0,000000 0,000000 0,000000 0,000000
-0,004273 -0,549944 -0,553148 -0,494400 0,000000 0,000000 0,000000 0,000000
0,083010 -0,743431 -0,556963 -0,498978 0,000000 0,000000 0,000000 0,000000
0,117801 -0,867336 -0,564592 -0,497452 0,000000 0,000000 0,000000 0,000000
0,119022 -0,902127 -0,572222 -0,502792 0,000000 0,000000 0,000000 0,000000
0,130619 -0,855129 -0,579089 -0,502792 0,000000 0,000000 0,000000 0,000000
0,186773 -0,746483 -0,582904 -0,507370 0,000000 0,000000 0,000000 0,000000
0,306406 -0,629292 -0,585192 -0,509659 0,000000 0,000000 0,000000 0,000000
0,458388 -0,561541 -0,590533 -0,511185 0,000000 0,000000 0,000000 0,000000
0,552995 -0,582903 -0,593585 -0,514237 0,000000 0,000000 0,000000 0,000000
0,480361 -0,618305 -0,598163 -0,513474 0,000000 0,000000 0,000000 0,000000
0,259407 -0,615864 -0,606555 -0,513474 0,000000 0,000000 0,000000 0,000000
0,036622 -0,559099 -0,611896 -0,521867 0,000000 0,000000 0,000000 0,000000
-0,019532 -0,504776 -0,618763 -0,524155 0,000000 0,000000 0,000000 0,000000
0,107425 -0,518204 -0,624866 -0,525681 0,000000 0,000000 0,000000 0,000000
0,285043 -0,578631 -0,630970 -0,528733 0,000000 0,000000 0,000000 0,000000
0,368664 -0,623188 -0,635548 -0,529496 0,000000 0,000000 0,000000 0,000000
0,331431 -0,626240 -0,640126 -0,532548 0,000000 0,000000 0,000000 0,000000
