2.925504 -0.486465 -0.683615 -0.507370 0.636783 0.009812 0.052785 0.003940
2.883999 -0.448012 -0.695059 -0.507370 3.040807 0.194536 0.270269 2.716934
2.872402 -0.446181 -0.698874 -0.506607 6.982996 0.424946 0.674596 4.682630
2.888272 -0.514542 -0.703452 -0.505081 3.203315 0.178353 0.398072 0.269789
2.869961 -0.600604 -0.712607 -0.504318 0.246910 0.008874 0.267802 2.209795
2.801599 -0.643941 -0.717948 -0.504318 0.005707 0.000900 0.238816 1.797423
2.744225 -0.570086 -0.722526 -0.502029 0.011153 0.000335 0.114653 1.338976
2.755821 -0.412000 -0.730918 -0.499741 0.004173 0.000364 0.025029 0.412930
2.829066 -0.219733 -0.735496 -0.500503 0.002445 0.000528 0.036775 0.301436
2.899869 -0.020753 -0.741600 -0.490585 0.003662 0.000527 0.031909 0.164844
2.952360 0.154424 -0.752281 -0.489059 0.007971 0.000585 0.010260 0.024498
2.998749 0.283212 -0.756096 -0.474563 0.003368 0.000734 0.005844 0.002187
3.060396 0.313730 -0.762200 -0.471511 0.000995 0.000796 0.005170 0.043346
3.062227 0.202643 -0.769066 -0.466170 0.000882 0.000710 0.000326 0.033235
2.956633 -0.038453 -0.775933 -0.454726 0.000194 0.000255 0.002107 0.025956
2.772912 -0.320444 -0.780511 -0.440992 0.000294 0.000063 0.000702 0.011271
2.665486 -0.518815 -0.787377 -0.428022 0.000361 0.000109 0.000535 0.003795
2.749718 -0.606708 -0.793481 -0.417341 0.000439 0.000151 0.002798 0.007453
2.982879 -0.615253 -0.798822 -0.400555 0.000513 0.000203 0.003439 0.030333
3.187963 -0.589618 -0.801874 -0.379192 0.000260 0.000108 0.000714 0.021492
3.249611 -0.538957 -0.810266 -0.364696 0.000369 0.000111 0.000209 0.010663
3.177587 -0.440687 -0.814844 -0.347911 0.001642 0.000412 0.000569 0.009825
3.079317 -0.324107 -0.820185 -0.328837 0.001965 0.000958 0.000847 0.007724
2.986542 -0.227058 -0.826289 -0.310526 0.000799 0.002703 0.000960 0.004334
2.883999 -0.173956 -0.828577 -0.280007 0.000289 0.004502 0.000703 0.004307
2.797326 -0.141606 -0.834681 -0.262459 0.000257 0.003265 0.000301 0.002467
2.791833 -0.121464 -0.840022 -0.239570 0.000571 0.001297 0.000063 0.000648
2.876064 -0.100711 -0.843837 -0.210578 0.000853 0.006704 0.000008 0.000190
2.968840 -0.056764 -0.852992 -0.183111 0.001205 0.013113 0.000012 0.000090
2.987762 -0.023194 -0.857570 -0.154118 0.001271 0.007427 0.000026 0.000124
2.955412 -0.017090 -0.860622 -0.128941 0.000905 0.006824 0.000040 0.000139
2.906583 -0.047609 -0.865963 -0.095370 0.001127 0.007777 0.000041 0.000031
2.857142 -0.083010 -0.866726 -0.068667 0.002657 0.004516 0.000030 0.000100
2.803430 -0.105594 -0.871303 -0.033570 0.002952 0.001657 0.000004 0.000065
2.765587 -0.104373 -0.878933 0.003052 0.001832 0.001404 0.000004 0.000047
2.827235 -0.083010 -0.880459 0.038148 0.001046 0.000944 0.000007 0.000015
2.996917 -0.028077 -0.881222 0.069430 0.001084 0.001117 0.000003 0.000007
3.196508 0.029298 -0.886563 0.104526 0.001485 0.001186 0.000001 0.000005
3.308816 0.044557 -0.892666 0.142674 0.002741 0.000645 0.000000 0.000002
3.276467 0.002441 -0.896481 0.179296 0.005427 0.000496 0.000000 0.000010
3.128757 -0.082400 -0.901059 0.219733 0.007460 0.001787 0.000002 0.000017
2.916959 -0.169073 -0.906400 0.253304 0.005937 0.003670 0.000002 0.000005
2.725913 -0.225837 -0.914029 0.292215 0.001225 0.001756 0.000001 0.000002
2.622150 -0.243538 -0.917844 0.327311 0.001803 0.000241 0.000001 0.000006
2.652668 -0.230110 -0.920896 0.373089 0.002013 0.000121 0.000001 0.000006
2.760704 -0.195318 -0.927000 0.412000 0.001195 0.000177 0.000000 0.000002
2.852870 -0.117801 -0.930052 0.448622 0.000654 0.000581 0.000000 0.000002
2.898038 -0.019532 -0.936155 0.489059 0.001553 0.001912 0.000000 0.000002
2.959685 0.077517 -0.942259 0.522629 0.002395 0.002435 0.000000 0.000001
3.046968 0.109256 -0.947600 0.566881 0.003139 0.003184 0.000000 0.000003
3.078097 0.099490 -0.952177 0.599689 0.002596 0.005395 0.000000 0.000005
2.973724 0.064089 -0.960570 0.636311 0.002018 0.004525 0.000000 0.000004
2.770470 -0.007324 -0.963622 0.670644 0.003064 0.002217 0.000000 0.000002
2.612995 -0.112918 -0.972015 0.711081 0.005386 0.002404 0.000000 0.000001
2.598956 -0.227668 -0.976592 0.745415 0.004641 0.004361 0.000000 0.000000
2.713706 -0.300912 -0.988037 0.780511 0.003818 0.003729 0.000000 0.000000
2.846766 -0.354625 -0.997192 0.813318 0.002811 0.003972 0.000000 0.000000
2.912076 -0.400403 -1.001770 0.844600 0.002307 0.006158 0.000000 0.000000
2.898037 -0.438856 -1.008637 0.878170 0.001515 0.006223 0.000000 0.000000
2.854091 -0.436415 -1.013978 0.909452 0.001508 0.004244 0.000000 0.000000
2.838831 -0.351573 -1.021607 0.935392 0.000829 0.002046 0.000000 0.000000
2.877285 -0.186773 -1.032289 0.961333 0.000398 0.002060 0.000000 0.000000
2.954191 -0.021973 -1.036866 0.988800 0.000516 0.002150 0.000000 0.000000
3.014619 0.086673 -1.040681 1.015504 0.000464 0.001449 0.000000 0.000000
3.014008 0.134281 -1.054415 1.042970 0.000373 0.000893 0.000000 0.000000
2.967619 0.137333 -1.061281 1.066622 0.000581 0.000821 0.000000 0.000000
2.939543 0.115970 -1.068911 1.085696 0.000588 0.000667 0.000000 0.000000
2.948088 0.059816 -1.081881 1.106296 0.000591 0.000443 0.000000 0.000000
2.969451 -0.008545 -1.093325 1.120792 0.000677 0.000294 0.000000 0.000000
2.962126 -0.029298 -1.100955 1.138340 0.000877 0.000980 0.000000 0.000000
2.935270 0.000000 -1.110874 1.149785 0.001173 0.002090 0.000000 0.000000
2.921231 0.078738 -1.119266 1.168096 0.000907 0.001426 0.000000 0.000000
2.917569 0.117801 -1.131474 1.174200 0.000476 0.001192 0.000000 0.000000
2.952971 0.100711 -1.148259 1.178777 0.000542 0.001291 0.000000 0.000000
3.052461 0.048219 -1.152074 1.189459 0.001006 0.001140 0.000000 0.000000
3.239234 0.006104 -1.162755 1.198614 0.000927 0.000580 0.000000 0.000000
3.430280 0.017090 -1.171911 1.200903 0.000546 0.000196 0.000000 0.000000
3.474227 0.090335 -1.184881 1.200903 0.000323 0.000106 0.000000 0.000000
3.357646 0.171514 -1.195563 1.202429 0.000177 0.000109 0.000000 0.000000
3.194067 0.238044 -1.207770 1.199377 0.000146 0.000113 0.000000 0.000000
3.108005 0.279550 -1.219977 1.195563 0.000285 0.000091 0.000000 0.000000
3.095798 0.310068 -1.228370 1.195562 0.000339 0.000079 0.000000 0.000000
3.076876 0.325938 -1.242103 1.184118 0.000286 0.000110 0.000000 0.000000
3.035371 0.339366 -1.251259 1.176488 0.000172 0.000130 0.000000 0.000000
3.023774 0.296030 -1.262703 1.171911 0.000113 0.000119 0.000000 0.000000
3.071383 0.189825 -1.277962 1.161229 0.000137 0.000111 0.000000 0.000000
3.123264 0.060427 -1.290170 1.148259 0.000135 0.000092 0.000000 0.000000
3.125095 0.003662 -1.297800 1.133762 0.000167 0.000108 0.000000 0.000000
3.078097 0.053102 -1.312296 1.123844 0.000161 0.000237 0.000000 0.000000
3.038423 0.170904 -1.322214 1.111637 0.000045 0.000246 0.000000 0.000000
2.960295 0.269784 -1.335185 1.093325 0.000044 0.000286 0.000000 0.000000
2.857753 0.295419 -1.346629 1.080355 0.000098 0.000217 0.000000 0.000000
2.785730 0.220954 -1.352733 1.068148 0.000089 0.000351 0.000000 0.000000
2.818690 0.077517 -1.363414 1.051363 0.000057 0.000881 0.000000 0.000000
2.918790 -0.098880 -1.371807 1.036103 0.000076 0.001333 0.000000 0.000000
2.968841 -0.274667 -1.382488 1.013978 0.000076 0.001142 0.000000 0.000000
2.903531 -0.434584 -1.393933 0.999481 0.000046 0.000259 0.000000 0.000000
2.793054 -0.526139 -1.406140 0.982696 0.000025 0.000055 0.000000 0.000000
2.755211 -0.518204 -1.413770 0.965148 0.000023 0.000066 0.000000 0.000000
2.844325 -0.363781 -1.419874 0.943785 0.000018 0.000070 0.000000 0.000000
2.985321 -0.125736 -1.428266 0.933103 0.000013 0.000039 0.000000 0.000000
3.066499 0.112308 -1.438185 0.912503 0.000016 0.000031 0.000000 0.000000
3.012787 0.249641 -1.445814 0.891903 0.000013 0.000048 0.000000 0.000000
2.851039 0.266121 -1.448103 0.881222 0.000016 0.000133 0.000000 0.000000
2.669149 0.184332 -1.461074 0.859096 0.000148 0.000712 0.000000 0.000000
2.561723 0.055544 -1.466414 0.850703 0.000454 0.001937 0.000000 0.000000
2.564165 -0.077517 -1.470229 0.830866 0.000317 0.001362 0.000000 0.000000
2.672200 -0.182501 -1.473281 0.819422 0.000297 0.001140 0.000000 0.000000
2.800378 -0.245979 -1.480148 0.801874 0.000643 0.002872 0.000000 0.000000
2.856533 -0.241096 -1.486251 0.786615 0.000457 0.002252 0.000000 0.000000
2.824183 -0.172124 -1.488540 0.775933 0.000085 0.000512 0.000000 0.000000
2.782678 -0.056154 -1.493118 0.761437 0.000033 0.000139 0.000000 0.000000
2.798547 0.059816 -1.491592 0.749992 0.000029 0.000102 0.000000 0.000000
2.877285 0.171514 -1.493881 0.738548 0.000026 0.000086 0.000000 0.000000
2.937102 0.262459 -1.493881 0.728629 0.000032 0.000298 0.000000 0.000000
2.920011 0.358287 -1.490829 0.719474 0.000083 0.001567 0.000000 0.000000
2.877285 0.453505 -1.494644 0.708029 0.000102 0.001924 0.000000 0.000000
2.871792 0.534684 -1.493881 0.695059 0.000037 0.000464 0.000000 0.000000
2.935880 0.559709 -1.490829 0.686666 0.000013 0.000072 0.000000 0.000000
2.969451 0.546281 -1.487777 0.680563 0.000013 0.000047 0.000000 0.000000
2.921232 0.509049 -1.484725 0.672170 0.000013 0.000033 0.000000 0.000000
2.832118 0.485244 -1.484726 0.666829 0.000009 0.000022 0.000000 0.000000
2.796106 0.454115 -1.477859 0.654622 0.000006 0.000017 0.000000 0.000000
2.832728 0.405896 -1.473281 0.650807 0.000006 0.000022 0.000000 0.000000
2.884609 0.331431 -1.467940 0.643177 0.000014 0.000032 0.000000 0.000000
2.884609 0.287484 -1.460311 0.640889 0.000028 0.000062 0.000000 0.000000
2.830287 0.299692 -1.457259 0.628681 0.000030 0.000092 0.000000 0.000000
2.746666 0.343028 -1.447340 0.627155 0.000016 0.000054 0.000000 0.000000
2.640461 0.381481 -1.442762 0.619526 0.000010 0.000027 0.000000 0.000000
2.523881 0.404675 -1.435133 0.617237 0.000014 0.000030 0.000000 0.000000
2.450026 0.443739 -1.419874 0.608081 0.000008 0.000021 0.000000 0.000000
2.489700 0.470595 -1.411481 0.607318 0.000004 0.000009 0.000000 0.000000
2.623371 0.481582 -1.405377 0.602741 0.000004 0.000014 0.000000 0.000000
2.719809 0.451674 -1.393933 0.599689 0.000008 0.000024 0.000000 0.000000
2.688070 0.390637 -1.384777 0.591296 0.000014 0.000025 0.000000 0.000000
2.558061 0.298471 -1.377148 0.586718 0.000032 0.000145 0.000000 0.000000
2.454909 0.198981 -1.363414 0.583666 0.000067 0.001447 0.000000 0.000000
2.425611 0.100711 -1.352733 0.576037 0.000088 0.002288 0.000000 0.000000
2.393261 0.024415 -1.341288 0.569933 0.000121 0.000809 0.000000 0.000000
2.289499 0.031739 -1.332133 0.560015 0.000254 0.000496 0.000000 0.000000
2.184515 0.150761 -1.319163 0.559252 0.000181 0.000384 0.000000 0.000000
2.208319 0.352184 -1.306192 0.546281 0.000105 0.000298 0.000000 0.000000
2.365185 0.592669 -1.302377 0.540178 0.000107 0.000673 0.000000 0.000000
2.523270 0.795312 -1.284829 0.528733 0.000078 0.000865 0.000000 0.000000
2.558672 0.910672 -1.273385 0.522629 0.000036 0.000671 0.000000 0.000000
2.456740 0.949126 -1.261177 0.512711 0.000033 0.000339 0.000000 0.000000
2.297434 0.917997 -1.250496 0.501266 0.000271 0.000808 0.000000 0.000000
2.139347 0.866115 -1.239051 0.489059 0.000500 0.001582 0.000000 0.000000
2.062441 0.803858 -1.223792 0.476852 0.000293 0.001569 0.000000 0.000000
2.128361 0.741600 -1.208533 0.462355 0.000107 0.001065 0.000000 0.000000
2.323679 0.667745 -1.198614 0.446333 0.000074 0.000545 0.000000 0.000000
2.528153 0.604267 -1.188696 0.431837 0.000078 0.000208 0.000000 0.000000
2.595294 0.571307 -1.178014 0.418104 0.000100 0.000213 0.000000 0.000000
2.531205 0.579241 -1.165807 0.397504 0.000193 0.000548 0.000000 0.000000
2.443922 0.595111 -1.154362 0.380718 0.000709 0.001858 0.000000 0.000000
2.435377 0.601825 -1.139866 0.363170 0.001156 0.003789 0.000000 0.000000
2.482985 0.578021 -1.131474 0.347148 0.001029 0.003620 0.000000 0.000000
2.494583 0.527970 -1.117740 0.318918 0.001890 0.004615 0.000000 0.000000
2.420728 0.453505 -1.110874 0.296793 0.001658 0.005972 0.000000 0.000000
2.331003 0.376598 -1.097140 0.272378 0.000485 0.002459 0.000000 0.000000
2.289499 0.313120 -1.082644 0.246437 0.000119 0.000385 0.000000 0.000000
2.298654 0.297861 -1.074252 0.221259 0.000110 0.000108 0.000000 0.000000
2.326731 0.300912 -1.059755 0.193793 0.000090 0.000152 0.000000 0.000000
2.343822 0.274667 -1.051363 0.167852 0.000053 0.000126 0.000000 0.000000
2.315744 0.218513 -1.039155 0.135044 0.000033 0.000121 0.000000 0.000000
2.207709 0.179449 -1.030000 0.108341 0.000041 0.000110 0.000000 0.000000
2.045961 0.213630 -1.012452 0.075533 0.000107 0.000084 0.000000 0.000000
1.962340 0.296030 -1.005585 0.045778 0.000130 0.000178 0.000000 0.000000
2.064882 0.385754 -0.997955 0.011444 0.000191 0.000424 0.000000 0.000000
2.307199 0.454115 -0.986511 -0.016022 0.000395 0.000567 0.000000 0.000000
2.531205 0.505997 -0.972777 -0.054170 0.000480 0.000333 0.000000 0.000000
2.612384 0.521256 -0.960570 -0.086215 0.000285 0.000211 0.000000 0.000000
2.587359 0.531022 -0.945311 -0.119785 0.000518 0.000318 0.000000 0.000000
2.522660 0.499893 -0.938444 -0.153356 0.000581 0.000205 0.000000 0.000000
2.442701 0.429090 -0.927000 -0.190741 0.000222 0.000044 0.000000 0.000000
2.335276 0.336314 -0.909451 -0.226600 0.000108 0.000035 0.000000 0.000000
2.219916 0.250862 -0.899533 -0.262459 0.000114 0.000073 0.000000 0.000000
2.153996 0.198981 -0.888089 -0.301370 0.000192 0.000240 0.000000 0.000000
2.175360 0.172735 -0.869778 -0.333415 0.000840 0.001211 0.000000 0.000000
2.272408 0.214240 -0.860622 -0.373089 0.001644 0.002031 0.000000 0.000000
2.427442 0.295419 -0.846126 -0.408948 0.000914 0.000806 0.000000 0.000000
2.594684 0.372936 -0.831629 -0.446333 0.000294 0.000218 0.000000 0.000000
2.691122 0.385144 -0.815607 -0.482192 0.000453 0.000330 0.000000 0.000000
2.631916 0.379650 -0.799585 -0.517289 0.000370 0.000311 0.000000 0.000000
2.415845 0.415052 -0.789666 -0.551622 0.000183 0.000136 0.000000 0.000000
2.179632 0.522477 -0.769829 -0.588244 0.000124 0.000107 0.000000 0.000000
2.069765 0.632954 -0.752281 -0.622578 0.000149 0.000097 0.000000 0.000000
2.137516 0.676901 -0.740074 -0.663778 0.000191 0.000222 0.000000 0.000000
2.282784 0.637226 -0.723289 -0.692770 0.000306 0.000635 0.000000 0.000000
2.357860 0.534074 -0.702689 -0.730918 0.000420 0.000856 0.000000 0.000000
2.335276 0.410779 -0.686666 -0.766777 0.000235 0.000437 0.000000 0.000000
2.299875 0.289926 -0.672170 -0.804163 0.000058 0.000068 0.000000 0.000000
2.341990 0.208136 -0.651570 -0.835444 0.000034 0.000049 0.000000 0.000000
2.424390 0.202033 -0.632496 -0.869778 0.000056 0.000074 0.000000 0.000000
2.410962 0.292367 -0.619526 -0.904874 0.000076 0.000163 0.000000 0.000000
2.245552 0.463271 -0.596637 -0.939207 0.000120 0.000457 0.000000 0.000000
2.027040 0.635395 -0.578326 -0.972014 0.000168 0.000691 0.000000 0.000000
1.886654 0.723289 -0.560778 -0.996429 0.000184 0.000638 0.000000 0.000000
1.872616 0.690939 -0.538652 -1.033051 0.000303 0.001444 0.000000 0.000000
1.876889 0.562151 -0.521104 -1.059755 0.000645 0.003654 0.000000 0.000000
1.831721 0.444960 -0.502029 -1.095615 0.000639 0.002869 0.000000 0.000000
1.728568 0.405286 -0.480666 -1.123081 0.000406 0.000778 0.000000 0.000000
1.629078 0.485244 -0.460829 -1.154363 0.000591 0.000649 0.000000 0.000000
1.571092 0.661031 -0.434126 -1.190222 0.001441 0.001233 0.000000 0.000000
1.570482 0.902737 -0.415815 -1.214637 0.000961 0.000666 0.000000 0.000000
1.633350 1.145054 -0.395215 -1.245918 0.000083 0.000048 0.000000 0.000000
1.750542 1.296426 -0.373852 -1.271859 0.000060 0.000077 0.000000 0.000000
1.845149 1.301309 -0.348674 -1.304666 0.000072 0.000109 0.000000 0.000000
1.806696 1.207312 -0.328837 -1.335185 0.000092 0.000077 0.000000 0.000000
1.640065 1.068758 -0.299081 -1.362651 0.000139 0.000055 0.000000 0.000000
1.487472 0.924711 -0.283822 -1.392407 0.000294 0.000070 0.000000 0.000000
1.516770 0.787378 -0.255592 -1.423688 0.000225 0.000067 0.000000 0.000000
1.718802 0.672628 -0.235755 -1.448866 0.000130 0.000054 0.000000 0.000000
1.932432 0.596942 -0.208289 -1.475570 0.000203 0.000040 0.000000 0.000000
2.008728 0.571306 -0.186163 -1.500748 0.000440 0.000055 0.000000 0.000000
1.948302 0.560320 -0.157933 -1.532792 0.000631 0.000065 0.000000 0.000000
1.848201 0.547502 -0.138096 -1.557970 0.000292 0.000043 0.000000 0.000000
1.793878 0.507828 -0.111393 -1.584674 0.000196 0.000049 0.000000 0.000000
1.800592 0.455947 -0.088504 -1.611377 0.000530 0.000209 0.000000 0.000000
1.837214 0.402844 -0.066378 -1.641133 0.000862 0.000346 0.000000 0.000000
1.870784 0.393078 -0.041200 -1.667073 0.000874 0.000380 0.000000 0.000000
1.877499 0.438246 -0.016785 -1.695303 0.000813 0.000369 0.000000 0.000000
1.850642 0.529801 0.012970 -1.722770 0.000463 0.000140 0.000000 0.000000
1.811579 0.634175 0.032807 -1.743370 0.000150 0.000025 0.000000 0.000000
1.787774 0.697653 0.060274 -1.768547 0.000062 0.000019 0.000000 0.000000
1.798761 0.664693 0.083926 -1.799066 0.000098 0.000026 0.000000 0.000000
1.779840 0.537736 0.106052 -1.830347 0.000219 0.000075 0.000000 0.000000
1.676687 0.346690 0.131993 -1.850947 0.000545 0.000123 0.000000 0.000000
1.500290 0.153203 0.156407 -1.880703 0.000494 0.000085 0.000000 0.000000
1.362956 -0.001221 0.183111 -1.902829 0.000565 0.000179 0.000000 0.000000
1.370281 -0.083621 0.202948 -1.931821 0.002949 0.000435 0.000000 0.000000
1.524705 -0.083010 0.229652 -1.957000 0.003862 0.000532 0.000000 0.000000
1.704764 0.015259 0.256355 -1.981414 0.001399 0.000357 0.000000 0.000000
1.763970 0.188604 0.282296 -2.010407 0.000400 0.000341 0.000000 0.000000
1.640064 0.392468 0.300607 -2.035585 0.000261 0.000166 0.000000 0.000000
1.409955 0.567644 0.327311 -2.057711 0.000322 0.000070 0.000000 0.000000
1.205481 0.698874 0.349437 -2.082125 0.000381 0.000070 0.000000 0.000000
1.121861 0.786767 0.373852 -2.107303 0.000227 0.000061 0.000000 0.000000
1.184118 0.814234 0.395978 -2.134770 0.000075 0.000049 0.000000 0.000000
1.281167 0.782494 0.420392 -2.156133 0.000055 0.000029 0.000000 0.000000
1.284829 0.709250 0.438704 -2.183599 0.000153 0.000019 0.000000 0.000000
1.165807 0.662252 0.466170 -2.208777 0.000270 0.000015 0.000000 0.000000
1.033967 0.672628 0.485244 -2.238532 0.000287 0.000013 0.000000 0.000000
1.037629 0.720237 0.507370 -2.262185 0.000180 0.000021 0.000000 0.000000
1.194494 0.757469 0.527970 -2.291940 0.000080 0.000035 0.000000 0.000000
1.368450 0.770898 0.550859 -2.312540 0.000172 0.000053 0.000000 0.000000
1.436201 0.758080 0.568407 -2.346873 0.000351 0.000078 0.000000 0.000000
1.392865 0.738548 0.594348 -2.371288 0.000285 0.000048 0.000000 0.000000
1.325724 0.716575 0.611133 -2.395703 0.000177 0.000028 0.000000 0.000000
1.324503 0.687277 0.629444 -2.425458 0.000127 0.000031 0.000000 0.000000
1.388592 0.629902 0.650044 -2.452162 0.000116 0.000021 0.000000 0.000000
1.433760 0.542009 0.666829 -2.486495 0.000307 0.000039 0.000000 0.000000
1.377605 0.429701 0.688955 -2.510911 0.000462 0.000081 0.000000 0.000000
1.233558 0.330821 0.703452 -2.539902 0.000274 0.000072 0.000000 0.000000
1.102939 0.252693 0.721763 -2.568132 0.000306 0.000061 0.000000 0.000000
1.075472 0.203253 0.737785 -2.596362 0.000259 0.000046 0.000000 0.000000
1.168859 0.197150 0.757622 -2.623829 0.000152 0.000019 0.000000 0.000000
1.293985 0.232551 0.773644 -2.659688 0.000231 0.000019 0.000000 0.000000
1.377605 0.361950 0.788903 -2.689443 0.000190 0.000023 0.000000 0.000000
1.411176 0.537736 0.801111 -2.719962 0.000100 0.000031 0.000000 0.000000
1.411176 0.691549 0.814844 -2.748955 0.000144 0.000036 0.000000 0.000000
1.383709 0.760521 0.828577 -2.781762 0.000267 0.000035 0.000000 0.000000
1.340373 0.750755 0.845363 -2.809991 0.000199 0.000056 0.000000 0.000000
1.294595 0.722678 0.856807 -2.838221 0.000121 0.000070 0.000000 0.000000
1.248817 0.714133 0.866726 -2.875607 0.000138 0.000056 0.000000 0.000000
1.136509 0.745872 0.882748 -2.903073 0.000230 0.000069 0.000000 0.000000
0.946684 0.791650 0.892666 -2.931303 0.000253 0.000110 0.000000 0.000000
0.779443 0.820337 0.901059 -2.963347 0.000137 0.000133 0.000000 0.000000
0.798975 0.775170 0.910214 -2.990051 0.000073 0.000153 0.000000 0.000000
1.057161 0.657979 0.926237 -3.016754 0.000075 0.000160 0.000000 0.000000
1.400799 0.532853 0.931577 -3.048799 0.000050 0.000087 0.000000 0.000000
1.591845 0.463881 0.942259 -3.077029 0.000048 0.000047 0.000000 0.000000
1.483810 0.485244 0.947600 -3.105258 0.000044 0.000062 0.000000 0.000000
1.149938 0.582904 0.954466 -3.135014 0.000086 0.000163 0.000000 0.000000
0.826441 0.740379 0.960570 -3.162480 0.000120 0.000202 0.000000 0.000000
0.721457 0.906400 0.965148 -3.187658 0.000066 0.000133 0.000000 0.000000
0.859401 1.050447 0.974303 -3.217413 0.000074 0.000116 0.000000 0.000000
1.065096 1.129795 0.977355 -3.243354 0.000120 0.000099 0.000000 0.000000
1.129795 1.173131 0.978881 -3.264717 0.000051 0.000028 0.000000 0.000000
1.017487 1.171911 0.988037 -3.293710 0.000038 0.000022 0.000000 0.000000
0.836207 1.125523 0.981933 -3.319651 0.000085 0.000095 0.000000 0.000000
0.724509 1.021760 0.991852 -3.342540 0.000098 0.000163 0.000000 0.000000
0.715354 0.859401 0.987274 -3.365428 0.000045 0.000069 0.000000 0.000000
0.751366 0.685446 0.991852 -3.387554 0.000026 0.000014 0.000000 0.000000
0.761742 0.567034 0.990326 -3.411206 0.000028 0.000018 0.000000 0.000000
0.714744 0.551164 0.994140 -3.435621 0.000018 0.000017 0.000000 0.000000
0.640278 0.593890 0.988800 -3.453932 0.000012 0.000012 0.000000 0.000000
0.579241 0.656148 0.984222 -3.475295 0.000018 0.000012 0.000000 0.000000
0.590838 0.709250 0.984985 -3.493606 0.000020 0.000015 0.000000 0.000000
0.710471 0.756859 0.984222 -3.518785 0.000025 0.000013 0.000000 0.000000
0.885647 0.795312 0.984985 -3.534806 0.000042 0.000010 0.000000 0.000000
0.974761 0.776391 0.978881 -3.556932 0.000082 0.000007 0.000000 0.000000
0.865505 0.685446 0.974303 -3.573718 0.000126 0.000013 0.000000 0.000000
0.594501 0.561540 0.972777 -3.588214 0.000109 0.000022 0.000000 0.000000
0.349132 0.517594 0.968200 -3.608051 0.000064 0.000028 0.000000 0.000000
0.286874 0.548723 0.959807 -3.628650 0.000101 0.000029 0.000000 0.000000
0.402844 0.618305 0.954466 -3.647725 0.000092 0.000011 0.000000 0.000000
0.569475 0.668355 0.953703 -3.663747 0.000034 0.000006 0.000000 0.000000
0.659810 0.685446 0.942259 -3.680532 0.000021 0.000015 0.000000 0.000000
0.662862 0.676290 0.937681 -3.696554 0.000025 0.000016 0.000000 0.000000
0.635395 0.686056 0.928526 -3.714864 0.000027 0.000007 0.000000 0.000000
0.663472 0.700705 0.926237 -3.733939 0.000034 0.000005 0.000000 0.000000
0.744041 0.699484 0.919370 -3.750725 0.000021 0.000004 0.000000 0.000000
0.781884 0.643941 0.906399 -3.768273 0.000039 0.000004 0.000000 0.000000
0.706198 0.558489 0.902585 -3.787347 0.000115 0.000011 0.000000 0.000000
0.522477 0.469985 0.896481 -3.799555 0.000195 0.000013 0.000000 0.000000
0.339976 0.428480 0.889614 -3.819392 0.000186 0.000008 0.000000 0.000000
0.281991 0.438856 0.885037 -3.838465 0.000648 0.000023 0.000000 0.000000
0.364391 0.465102 0.876644 -3.856014 0.000945 0.000028 0.000000 0.000000
0.487075 0.535905 0.866726 -3.876613 0.000296 0.000011 0.000000 0.000000
0.557268 0.659810 0.861385 -3.891109 0.000069 0.000005 0.000000 0.000000
0.560320 0.809961 0.849940 -3.908658 0.000219 0.000005 0.000000 0.000000
0.498062 0.903958 0.845363 -3.932310 0.000340 0.000007 0.000000 0.000000
0.361950 0.900906 0.838496 -3.952910 0.000197 0.000011 0.000000 0.000000
0.186773 0.841090 0.834681 -3.971984 0.000224 0.000014 0.000000 0.000000
0.046999 0.783715 0.827051 -3.993347 0.000504 0.000012 0.000000 0.000000
0.017701 0.766015 0.814844 -4.016236 0.000482 0.000016 0.000000 0.000000
0.028687 0.803247 0.811792 -4.033020 0.000274 0.000013 0.000000 0.000000
-0.073244 0.854518 0.801874 -4.063539 0.000270 0.000006 0.000000 0.000000
-0.296030 0.932646 0.796533 -4.084902 0.000277 0.000005 0.000000 0.000000
-0.516983 0.996124 0.790429 -4.107791 0.000471 0.000005 0.000000 0.000000
-0.592059 1.016266 0.785089 -4.129917 0.000948 0.000003 0.000000 0.000000
-0.536515 0.990631 0.775933 -4.156621 0.002725 0.000019 0.000000 0.000000
-0.455947 0.917997 0.772881 -4.184088 0.003127 0.000032 0.000000 0.000000
-0.380871 0.875881 0.766015 -4.206214 0.001560 0.000021 0.000000 0.000000
-0.288095 0.864895 0.756859 -4.235969 0.001476 0.000027 0.000000 0.000000
-0.162969 0.919828 0.752281 -4.259621 0.002083 0.000054 0.000000 0.000000
-0.072024 0.998566 0.745415 -4.294717 0.001414 0.000042 0.000000 0.000000
-0.122074 1.046175 0.739311 -4.323709 0.000477 0.000013 0.000000 0.000000
-0.301523 1.052888 0.735496 -4.348124 0.000197 0.000005 0.000000 0.000000
-0.495621 1.030305 0.725578 -4.382457 0.000203 0.000004 0.000000 0.000000
-0.601825 0.986358 0.721763 -4.416028 0.000175 0.000003 0.000000 0.000000
-0.590228 0.924711 0.721000 -4.441968 0.000108 0.000008 0.000000 0.000000
-0.514542 0.875881 0.713370 -4.473250 0.000071 0.000007 0.000000 0.000000
-0.406507 0.842311 0.716422 -4.506821 0.000033 0.000003 0.000000 0.000000
-0.255745 0.816065 0.708029 -4.537340 0.000032 0.000002 0.000000 0.000000
-0.075076 0.792261 0.699637 -4.565569 0.000090 0.000004 0.000000 0.000000
0.079348 0.789209 0.698111 -4.602190 0.000144 0.000006 0.000000 0.000000
0.142216 0.799585 0.692007 -4.627368 0.000098 0.000005 0.000000 0.000000
0.081790 0.813013 0.688955 -4.665517 0.000060 0.000008 0.000000 0.000000
-0.063479 0.830714 0.688192 -4.696036 0.000020 0.000010 0.000000 0.000000
-0.222785 0.852077 0.685904 -4.729606 0.000015 0.000009 0.000000 0.000000
-0.315561 0.880154 0.684377 -4.760887 0.000033 0.000009 0.000000 0.000000
-0.319834 0.845363 0.680563 -4.786828 0.000042 0.000011 0.000000 0.000000
-0.245369 0.722678 0.678274 -4.821161 0.000016 0.000007 0.000000 0.000000
-0.168462 0.549944 0.675985 -4.853206 0.000009 0.000004 0.000000 0.000000
-0.126347 0.408948 0.677511 -4.889065 0.000013 0.000004 0.000000 0.000000
-0.155034 0.372326 0.669118 -4.915769 0.000015 0.000004 0.000000 0.000000
-0.244148 0.410169 0.674459 -4.947050 0.000009 0.000008 0.000000 0.000000
-0.362560 0.485855 0.669118 -4.972228 0.000010 0.000010 0.000000 0.000000
-0.452895 0.542009 0.671407 -5.001221 0.000011 0.000005 0.000000 0.000000
-0.472427 0.570086 0.671407 -5.033265 0.000012 0.000004 0.000000 0.000000
-0.435194 0.593280 0.669881 -5.055391 0.000017 0.000006 0.000000 0.000000
-0.421766 0.636616 0.672170 -5.085146 0.000037 0.000008 0.000000 0.000000
-0.485855 0.688498 0.670644 -5.111850 0.000037 0.000007 0.000000 0.000000
-0.624409 0.747093 0.670644 -5.137028 0.000026 0.000010 0.000000 0.000000
-0.786157 0.767235 0.674459 -5.160679 0.000023 0.000015 0.000000 0.000000
-0.936308 0.758080 0.672170 -5.183568 0.000033 0.000029 0.000000 0.000000
-1.074862 0.734886 0.675222 -5.204168 0.000027 0.000039 0.000000 0.000000
-1.176183 0.708640 0.675222 -5.228583 0.000013 0.000026 0.000000 0.000000
-1.232337 0.698263 0.679800 -5.246894 0.000005 0.000010 0.000000 0.000000
-1.236610 0.698874 0.684378 -5.263680 0.000004 0.000007 0.000000 0.000000
-1.167638 0.722678 0.688192 -5.281228 0.000007 0.000008 0.000000 0.000000
-0.996124 0.781884 0.686666 -5.302591 0.000011 0.000015 0.000000 0.000000
-0.737938 0.852077 0.692007 -5.319376 0.000015 0.000018 0.000000 0.000000
-0.519425 0.919828 0.695059 -5.326243 0.000012 0.000008 0.000000 0.000000
-0.467544 0.947905 0.702689 -5.340739 0.000008 0.000006 0.000000 0.000000
-0.596332 0.957671 0.700400 -5.358287 0.000010 0.000013 0.000000 0.000000
-0.762963 0.928373 0.708029 -5.360576 0.000030 0.000024 0.000000 0.000000
-0.831324 0.858180 0.709555 -5.371257 0.000108 0.000063 0.000000 0.000000
-0.770287 0.772729 0.714896 -5.375835 0.000144 0.000078 0.000000 0.000000
-0.665914 0.677511 0.719474 -5.378888 0.000044 0.000028 0.000000 0.000000
-0.600604 0.566424 0.721763 -5.381176 0.000008 0.000008 0.000000 0.000000
-0.585955 0.424207 0.732444 -5.381176 0.000010 0.000007 0.000000 0.000000
-0.591449 0.267953 0.734733 -5.381176 0.000009 0.000009 0.000000 0.000000
-0.584124 0.157476 0.741600 -5.378887 0.000009 0.000010 0.000000 0.000000
-0.530412 0.137944 0.744652 -5.372020 0.000010 0.000017 0.000000 0.000000
-0.433363 0.228889 0.746178 -5.368968 0.000012 0.000013 0.000000 0.000000
-0.335093 0.397351 0.757622 -5.355235 0.000014 0.000006 0.000000 0.000000
-0.343028 0.579241 0.761437 -5.347605 0.000011 0.000004 0.000000 0.000000
-0.481582 0.739769 0.771355 -5.338450 0.000004 0.000004 0.000000 0.000000
-0.645161 0.824000 0.778222 -5.325479 0.000006 0.000004 0.000000 0.000000
-0.681783 0.812403 0.784326 -5.300302 0.000008 0.000002 0.000000 0.000000
-0.584735 0.722678 0.791955 -5.285805 0.000008 0.000002 0.000000 0.000000
-0.521256 0.608539 0.797296 -5.260627 0.000005 0.000003 0.000000 0.000000
-0.668966 0.526749 0.803400 -5.238502 0.000004 0.000004 0.000000 0.000000
-0.997345 0.488907 0.811792 -5.214087 0.000006 0.000005 0.000000 0.000000
-1.298868 0.460829 0.814844 -5.185857 0.000010 0.000006 0.000000 0.000000
-1.389202 0.444349 0.821711 -5.159916 0.000013 0.000008 0.000000 0.000000
-1.250038 0.444960 0.828577 -5.127872 0.000020 0.000010 0.000000 0.000000
-1.033967 0.479751 0.837733 -5.095829 0.000023 0.000006 0.000000 0.000000
-0.891141 0.547502 0.843074 -5.060731 0.000019 0.000005 0.000000 0.000000
-0.897244 0.585345 0.848415 -5.021821 0.000017 0.000003 0.000000 0.000000
-1.064486 0.576189 0.849178 -4.987487 0.000015 0.000003 0.000000 0.000000
-1.328165 0.548112 0.856807 -4.948576 0.000010 0.000005 0.000000 0.000000
-1.573534 0.550554 0.864437 -4.910428 0.000009 0.000007 0.000000 0.000000
-1.688284 0.600604 0.865963 -4.869991 0.000008 0.000007 0.000000 0.000000
-1.692557 0.688498 0.873592 -4.826501 0.000009 0.000011 0.000000 0.000000
-1.671804 0.792261 0.877407 -4.781487 0.000028 0.000019 0.000000 0.000000
-1.666921 0.913724 0.881985 -4.732658 0.000066 0.000024 0.000000 0.000000
-1.627247 1.032746 0.889614 -4.685354 0.000053 0.000024 0.000000 0.000000
-1.463057 1.100497 0.891140 -4.634998 0.000036 0.000021 0.000000 0.000000
-1.203650 1.076693 0.893429 -4.589221 0.000043 0.000023 0.000000 0.000000
-0.986358 0.976592 0.894192 -4.541154 0.000048 0.000024 0.000000 0.000000
-0.939360 0.856960 0.897244 -4.490799 0.000041 0.000029 0.000000 0.000000
-1.087069 0.744041 0.896481 -4.441969 0.000040 0.000046 0.000000 0.000000
-1.314737 0.673849 0.897244 -4.392376 0.000035 0.000045 0.000000 0.000000
-1.476485 0.665914 0.900296 -4.340495 0.000017 0.000028 0.000000 0.000000
-1.479537 0.712302 0.900296 -4.293955 0.000029 0.000027 0.000000 0.000000
-1.338542 0.755028 0.900296 -4.238258 0.000054 0.000033 0.000000 0.000000
-1.181677 0.750755 0.899533 -4.180273 0.000052 0.000024 0.000000 0.000000
-1.153600 0.707419 0.895718 -4.130680 0.000023 0.000012 0.000000 0.000000
-1.304971 0.651875 0.898770 -4.082613 0.000014 0.000008 0.000000 0.000000
-1.529588 0.604267 0.893429 -4.030732 0.000014 0.000008 0.000000 0.000000
-1.676076 0.593890 0.891140 -3.975036 0.000013 0.000006 0.000000 0.000000
-1.649220 0.607929 0.891903 -3.926206 0.000019 0.000013 0.000000 0.000000
-1.496628 0.639668 0.888089 -3.868221 0.000026 0.000031 0.000000 0.000000
-1.350139 0.679342 0.882748 -3.815577 0.000029 0.000035 0.000000 0.000000
-1.317179 0.721458 0.883511 -3.770562 0.000031 0.000029 0.000000 0.000000
-1.428266 0.765404 0.875118 -3.714103 0.000036 0.000022 0.000000 0.000000
-1.607715 0.785546 0.872829 -3.661458 0.000032 0.000014 0.000000 0.000000
-1.767022 0.797754 0.867489 -3.608814 0.000027 0.000013 0.000000 0.000000
-1.845149 0.776391 0.862148 -3.563035 0.000028 0.000013 0.000000 0.000000
-1.857357 0.737327 0.859096 -3.508102 0.000021 0.000007 0.000000 0.000000
-1.864681 0.692160 0.854518 -3.450881 0.000020 0.000005 0.000000 0.000000
-1.901303 0.631733 0.849940 -3.405866 0.000018 0.000007 0.000000 0.000000
-1.941588 0.567034 0.842311 -3.349406 0.000014 0.000005 0.000000 0.000000
-1.931211 0.516984 0.840785 -3.299051 0.000016 0.000006 0.000000 0.000000
-1.876888 0.515763 0.830866 -3.246406 0.000018 0.000006 0.000000 0.000000
-1.830500 0.551164 0.826289 -3.194525 0.000023 0.000010 0.000000 0.000000
-1.853694 0.590228 0.819422 -3.143406 0.000021 0.000018 0.000000 0.000000
-1.942808 0.602435 0.814844 -3.090762 0.000020 0.000011 0.000000 0.000000
-2.017273 0.605487 0.809503 -3.040406 0.000029 0.000005 0.000000 0.000000
-2.009338 0.635395 0.801874 -2.982421 0.000031 0.000004 0.000000 0.000000
-1.944029 0.692770 0.795770 -2.937407 0.000024 0.000003 0.000000 0.000000
-1.932432 0.745872 0.791955 -2.879421 0.000014 0.000002 0.000000 0.000000
-2.017884 0.787988 0.788903 -2.828303 0.000011 0.000001 0.000000 0.000000
-2.175970 0.805078 0.780511 -2.764214 0.000021 0.000003 0.000000 0.000000
-2.310251 0.794702 0.773644 -2.716910 0.000019 0.000003 0.000000 0.000000
-2.371288 0.739158 0.768304 -2.658162 0.000016 0.000003 0.000000 0.000000
-2.341380 0.674459 0.764489 -2.603992 0.000010 0.000002 0.000000 0.000000
-2.242500 0.617084 0.761437 -2.546769 0.000014 0.000002 0.000000 0.000000
-2.080142 0.588397 0.756859 -2.485732 0.000026 0.000002 0.000000 0.000000
-1.901303 0.564592 0.753044 -2.428510 0.000024 0.000003 0.000000 0.000000
-1.817682 0.514542 0.746941 -2.372051 0.000016 0.000002 0.000000 0.000000
-1.903134 0.436415 0.743126 -2.312540 0.000013 0.000002 0.000000 0.000000
-2.119205 0.369274 0.734733 -2.253029 0.000014 0.000002 0.000000 0.000000
-2.308420 0.310068 0.730918 -2.189703 0.000010 0.000001 0.000000 0.000000
-2.370067 0.274056 0.730918 -2.130955 0.000008 0.000001 0.000000 0.000000
-2.331614 0.229499 0.723289 -2.063814 0.000012 0.000001 0.000000 0.000000
-2.284615 0.213019 0.717185 -2.005066 0.000010 0.000001 0.000000 0.000000
-2.252876 0.233161 0.719474 -1.937925 0.000015 0.000001 0.000000 0.000000
-2.191229 0.296640 0.716422 -1.875362 0.000020 0.000002 0.000000 0.000000
-2.087466 0.358287 0.716422 -1.805170 0.000019 0.000002 0.000000 0.000000
-2.027649 0.382702 0.713370 -1.739555 0.000013 0.000003 0.000000 0.000000
-2.072817 0.338755 0.712607 -1.670125 0.000010 0.000002 0.000000 0.000000
-2.199774 0.250862 0.706503 -1.602985 0.000010 0.000001 0.000000 0.000000
-2.279732 0.150761 0.703452 -1.534318 0.000009 0.000001 0.000000 0.000000
-2.262642 0.102542 0.706503 -1.462600 0.000006 0.000000 0.000000 0.000000
-2.224189 0.134281 0.704978 -1.391644 0.000003 0.000000 0.000000 0.000000
-2.232734 0.215461 0.703452 -1.317637 0.000003 0.000001 0.000000 0.000000
-2.287667 0.310678 0.696585 -1.245155 0.000007 0.000001 0.000000 0.000000
-2.309641 0.333872 0.701163 -1.167333 0.000011 0.000001 0.000000 0.000000
-2.289499 0.300912 0.699637 -1.097903 0.000006 0.000001 0.000000 0.000000
-2.271188 0.214240 0.700400 -1.017029 0.000004 0.000001 0.000000 0.000000
-2.283395 0.130619 0.698111 -0.944548 0.000007 0.000001 0.000000 0.000000
-2.304758 0.080569 0.696585 -0.861385 0.000009 0.000002 0.000000 0.000000
-2.331614 0.070193 0.701163 -0.784326 0.000004 0.000002 0.000000 0.000000
-2.370067 0.097659 0.703452 -0.704978 0.000003 0.000001 0.000000 0.000000
-2.415235 0.161138 0.699637 -0.621815 0.000003 0.000001 0.000000 0.000000
-2.415845 0.285043 0.701926 -0.546281 0.000003 0.000001 0.000000 0.000000
-2.342601 0.457778 0.700400 -0.466933 0.000001 0.000001 0.000000 0.000000
-2.249214 0.609149 0.705740 -0.385296 0.000001 0.000001 0.000000 0.000000
-2.242500 0.696432 0.705740 -0.301370 0.000001 0.000000 0.000000 0.000000
-2.370678 0.691549 0.707266 -0.218970 0.000001 0.000000 0.000000 0.000000
-2.554399 0.612201 0.710318 -0.137333 0.000001 0.000000 0.000000 0.000000
-2.706381 0.499893 0.714133 -0.053407 0.000001 0.000000 0.000000 0.000000
-2.796106 0.386364 0.720237 0.026704 0.000001 0.000000 0.000000 0.000000
-2.835780 0.295419 0.722526 0.107578 0.000001 0.000000 0.000000 0.000000
-2.830897 0.239875 0.724815 0.193793 0.000001 0.000000 0.000000 0.000000
-2.775964 0.220954 0.730918 0.277718 0.000000 0.000000 0.000000 0.000000
-2.702109 0.230720 0.733207 0.360118 0.000001 0.000000 0.000000 0.000000
-2.644124 0.236213 0.734733 0.440229 0.000001 0.000000 0.000000 0.000000
-2.607501 0.231330 0.741600 0.521104 0.000001 0.000000 0.000000 0.000000
-2.567827 0.233161 0.744652 0.611133 0.000001 0.000000 0.000000 0.000000
-2.517167 0.234993 0.749992 0.687429 0.000003 0.000000 0.000000 0.000000
-2.525101 0.249031 0.750755 0.769829 0.000002 0.000000 0.000000 0.000000
-2.622760 0.225227 0.759148 0.846126 0.000000 0.000000 0.000000 0.000000
-2.722251 0.175787 0.765252 0.933866 0.000000 0.000000 0.000000 0.000000
-2.714316 0.126957 0.767541 1.011688 0.000000 0.000000 0.000000 0.000000
-2.608112 0.111698 0.773644 1.096377 0.000000 0.000000 0.000000 0.000000
-2.543412 0.145878 0.778222 1.177251 0.000000 0.000000 0.000000 0.000000
-2.606891 0.235603 0.782800 1.252785 0.000000 0.000000 0.000000 0.000000
-2.740562 0.344859 0.787377 1.331370 0.000000 0.000000 0.000000 0.000000
-2.817468 0.458388 0.790429 1.407666 0.000000 0.000000 0.000000 0.000000
-2.780236 0.568255 0.797296 1.488540 0.000000 0.000000 0.000000 0.000000
-2.660603 0.629292 0.803400 1.561022 0.000000 0.000000 0.000000 0.000000
-2.545243 0.588397 0.811792 1.640370 0.000000 0.000000 0.000000 0.000000
-2.525712 0.416272 0.812555 1.719718 0.000000 0.000000 0.000000 0.000000
-2.647175 0.213630 0.820948 1.792962 0.000000 0.000000 0.000000 0.000000
-2.868129 0.093387 0.824000 1.868496 0.000001 0.000000 0.000000 0.000000
-3.056733 0.115970 0.834681 1.941740 0.000000 0.000000 0.000000 0.000000
-3.111667 0.198370 0.836970 2.012696 0.000000 0.000000 0.000000 0.000000
-3.031098 0.272835 0.841548 2.083651 0.000000 0.000000 0.000000 0.000000
-2.927946 0.330821 0.849177 2.154607 0.000000 0.000000 0.000000 0.000000
-2.871792 0.385144 0.851466 2.225562 0.000000 0.000000 0.000000 0.000000
-2.868129 0.414441 0.863674 2.296518 0.000000 0.000000 0.000000 0.000000
-2.879726 0.375378 0.865200 2.363658 0.000000 0.000000 0.000000 0.000000
-2.901089 0.242317 0.869014 2.426221 0.000000 0.000000 0.000000 0.000000
-2.945647 0.084841 0.874355 2.493362 0.000000 0.000000 0.000000 0.000000
-2.995086 -0.039674 0.875881 2.556688 0.000000 0.000000 0.000000 0.000000
-3.052462 -0.074465 0.881222 2.622303 0.000000 0.000000 0.000000 0.000000
-3.111057 -0.021363 0.888089 2.684865 0.000000 0.000000 0.000000 0.000000
-3.159276 0.100101 0.889614 2.745903 0.000000 0.000000 0.000000 0.000000
-3.173315 0.256966 0.898007 2.809228 0.000000 0.000000 0.000000 0.000000
-3.132420 0.393689 0.902585 2.866451 0.000000 0.000000 0.000000 0.000000
-3.092746 0.457778 0.903348 2.923673 0.000000 0.000000 0.000000 0.000000
-3.128147 0.409558 0.910214 2.983947 0.000000 0.000000 0.000000 0.000000
-3.241676 0.310068 0.912503 3.036591 0.000000 0.000000 0.000000 0.000000
-3.349711 0.209357 0.920133 3.087710 0.000000 0.000000 0.000000 0.000000
-3.349712 0.159307 0.924711 3.144932 0.000000 0.000000 0.000000 0.000000
-3.215430 0.186773 0.925474 3.192999 0.000000 0.000000 0.000000 0.000000
-3.012176 0.270394 0.928526 3.242592 0.000000 0.000000 0.000000 0.000000
-2.846156 0.393689 0.928526 3.294473 0.000000 0.000000 0.000000 0.000000
-2.782678 0.519425 0.932340 3.331095 0.000000 0.000000 0.000000 0.000000
-2.817469 0.584735 0.933103 3.379162 0.000000 0.000000 0.000000 0.000000
-2.917569 0.548723 0.935392 3.418073 0.000000 0.000000 0.000000 0.000000
-3.020112 0.411390 0.936918 3.462325 0.000000 0.000000 0.000000 0.000000
-3.075655 0.245369 0.939207 3.495132 0.000000 0.000000 0.000000 0.000000
-3.089694 0.130619 0.939970 3.537095 0.000000 0.000000 0.000000 0.000000
-3.059786 0.108646 0.944548 3.572954 0.000000 0.000000 0.000000 0.000000
-2.995697 0.150761 0.944548 3.605762 0.000000 0.000000 0.000000 0.000000
-2.887661 0.191656 0.943785 3.639332 0.000000 0.000000 0.000000 0.000000
-2.785119 0.194098 0.947600 3.664510 0.000000 0.000000 0.000000 0.000000
-2.741173 0.166021 0.944548 3.693502 0.000000 0.000000 0.000000 0.000000
-2.770470 0.132450 0.950651 3.723258 0.000000 0.000000 0.000000 0.000000
-2.811365 0.117191 0.946837 3.744621 0.000000 0.000000 0.000000 0.000000
-2.822962 0.122074 0.951414 3.765985 0.000000 0.000000 0.000000 0.000000
-2.837611 0.137944 0.947600 3.781243 0.000000 0.000000 0.000000 0.000000
-2.890713 0.153203 0.946074 3.797266 0.000000 0.000000 0.000000 0.000000
-2.958464 0.162358 0.946837 3.815577 0.000000 0.000000 0.000000 0.000000
-2.965178 0.146489 0.948363 3.823206 0.000000 0.000000 0.000000 0.000000
-2.934050 0.102542 0.943022 3.836176 0.000000 0.000000 0.000000 0.000000
-2.913907 0.031129 0.945311 3.846095 0.000000 0.000000 0.000000 0.000000
-2.929777 -0.018921 0.945311 3.851435 0.000000 0.000000 0.000000 0.000000
-2.976165 -0.081179 0.943022 3.854488 0.000000 0.000000 0.000000 0.000000
-3.014618 -0.131840 0.941496 3.857539 0.000000 0.000000 0.000000 0.000000
-3.043305 -0.159307 0.934629 3.860591 0.000000 0.000000 0.000000 0.000000
-3.035371 -0.136723 0.934629 3.854487 0.000001 0.000000 0.000000 0.000000
-2.967010 -0.107425 0.932340 3.855251 0.000000 0.000000 0.000000 0.000000
-2.867519 -0.094607 0.932340 3.850672 0.000000 0.000000 0.000000 0.000000
-2.811975 -0.141606 0.927763 3.845332 0.000000 0.000000 0.000000 0.000000
-2.886441 -0.195929 0.930052 3.835413 0.000000 0.000000 0.000000 0.000000
-3.056734 -0.217902 0.923185 3.827021 0.000000 0.000000 0.000000 0.000000
-3.249001 -0.195929 0.919370 3.816339 0.000000 0.000000 0.000000 0.000000
-3.381451 -0.128178 0.920896 3.802606 0.000000 0.000000 0.000000 0.000000
-3.432111 -0.041505 0.915555 3.785820 0.000000 0.000000 0.000000 0.000000
-3.407697 0.052492 0.915555 3.773613 0.000000 0.000000 0.000000 0.000000
-3.324076 0.137944 0.909452 3.756065 0.000000 0.000000 0.000000 0.000000
-3.186743 0.184942 0.905637 3.738517 0.000000 0.000000 0.000000 0.000000
-3.032319 0.161748 0.899533 3.714866 0.000000 0.000000 0.000000 0.000000
-2.917569 0.086673 0.900296 3.696555 0.000000 0.000000 0.000000 0.000000
-2.855922 -0.034181 0.897244 3.671377 0.000000 0.000000 0.000000 0.000000
-2.806482 -0.162358 0.889614 3.653066 0.000000 0.000000 0.000000 0.000000
-2.774133 -0.266732 0.889614 3.624835 0.000000 0.000000 0.000000 0.000000
-2.788781 -0.324717 0.885800 3.606524 0.000000 0.000000 0.000000 0.000000
-2.864467 -0.305795 0.881985 3.575243 0.000000 0.000000 0.000000 0.000000
-2.953581 -0.247810 0.876644 3.553880 0.000000 0.000000 0.000000 0.000000
-3.005463 -0.215461 0.875118 3.521836 0.000000 0.000000 0.000000 0.000000
-3.021943 -0.252693 0.869777 3.497421 0.000000 0.000000 0.000000 0.000000
-3.051241 -0.372326 0.867489 3.466903 0.000000 0.000000 0.000000 0.000000
-3.065279 -0.515763 0.862148 3.443251 0.000000 0.000000 0.000000 0.000000
-2.987762 -0.621357 0.857570 3.406628 0.000000 0.000000 0.000000 0.000000
-2.818079 -0.651265 0.853755 3.378398 0.000000 0.000000 0.000000 0.000000
-2.601398 -0.590228 0.846889 3.350932 0.000000 0.000000 0.000000 0.000000
-2.455519 -0.455947 0.847652 3.320414 0.000000 0.000000 0.000000 0.000000
-2.381054 -0.292978 0.840785 3.285317 0.000000 0.000000 0.000000 0.000000
-2.349315 -0.170904 0.835444 3.258613 0.000000 0.000000 0.000000 0.000000
-2.343211 -0.131840 0.830103 3.225043 0.000000 0.000000 0.000000 0.000000
-2.393262 -0.175787 0.822474 3.199102 0.000000 0.000000 0.000000 0.000000
-2.504960 -0.277718 0.818659 3.159428 0.000000 0.000000 0.000000 0.000000
-2.648396 -0.363781 0.814081 3.131962 0.000000 0.000000 0.000000 0.000000
-2.730796 -0.387585 0.811029 3.102206 0.000000 0.000000 0.000000 0.000000
-2.689291 -0.317392 0.798822 3.071688 0.000000 0.000000 0.000000 0.000000
-2.509232 -0.192267 0.795770 3.040407 0.000000 0.000000 0.000000 0.000000
-2.259590 -0.051271 0.792718 3.010651 0.000000 0.000000 0.000000 0.000000
-2.069765 0.041505 0.788141 2.981658 0.000000 0.000000 0.000000 0.000000
-2.062441 0.042726 0.782800 2.949614 0.000000 0.000000 0.000000 0.000000
-2.242500 -0.023804 0.770592 2.920621 0.000000 0.000000 0.000000 0.000000
-2.494583 -0.111698 0.766015 2.891629 0.000000 0.000000 0.000000 0.000000
-2.705161 -0.172124 0.759148 2.858059 0.000000 0.000000 0.000000 0.000000
-2.825404 -0.178838 0.751518 2.830592 0.000000 0.000000 0.000000 0.000000
-2.874843 -0.098270 0.743889 2.803125 0.000000 0.000000 0.000000 0.000000
-2.891934 0.079348 0.737785 2.771843 0.000000 0.000000 0.000000 0.000000
-2.879726 0.304575 0.729392 2.746666 0.000000 0.000000 0.000000 0.000000
-2.852259 0.487075 0.717948 2.718436 0.000000 0.000000 0.000000 0.000000
-2.819910 0.538957 0.712607 2.692496 0.000000 0.000000 0.000000 0.000000
-2.803430 0.468154 0.701926 2.666554 0.000000 0.000000 0.000000 0.000000
-2.820521 0.304575 0.695822 2.642903 0.000000 0.000000 0.000000 0.000000
-2.855922 0.142216 0.688192 2.616199 0.000000 0.000000 0.000000 0.000000
-2.875454 0.025025 0.669118 2.591022 0.000000 0.000000 0.000000 0.000000
-2.856533 -0.048830 0.663015 2.568895 0.000000 0.000000 0.000000 0.000000
-2.799768 -0.126957 0.653096 2.549058 0.000000 0.000000 0.000000 0.000000
-2.721641 -0.230110 0.640126 2.526170 0.000000 0.000000 0.000000 0.000000
-2.631916 -0.329600 0.628681 2.504807 0.000000 0.000000 0.000000 0.000000
-2.550737 -0.397351 0.617237 2.482681 0.000000 0.000000 0.000000 0.000000
-2.497024 -0.416272 0.604266 2.463607 0.000000 0.000000 0.000000 0.000000
-2.487258 -0.404065 0.595111 2.443770 0.000000 0.000000 0.000000 0.000000
-2.519608 -0.346080 0.583666 2.435377 0.000000 0.000000 0.000000 0.000000
-2.532425 -0.263070 0.565355 2.410962 0.000000 0.000000 0.000000 0.000000
-2.511063 -0.161748 0.561541 2.401807 0.000000 0.000000 0.000000 0.000000
-2.456130 -0.059816 0.538652 2.381969 0.000000 0.000000 0.000000 0.000000
-2.387768 -0.004273 0.534837 2.369762 0.000000 0.000000 0.000000 0.000000
-2.320628 -0.003662 0.515000 2.356029 0.000000 0.000000 0.000000 0.000000
-2.249825 -0.057985 0.506607 2.346874 0.000000 0.000000 0.000000 0.000000
-2.172307 -0.135502 0.489822 2.333903 0.000000 0.000000 0.000000 0.000000
-2.097232 -0.221564 0.478378 2.321696 0.000000 0.000000 0.000000 0.000000
-2.040468 -0.285653 0.460829 2.311777 0.000000 0.000000 0.000000 0.000000
-2.036805 -0.324107 0.445570 2.304910 0.000000 0.000000 0.000000 0.000000
-2.064272 -0.338755 0.434889 2.293466 0.000000 0.000000 0.000000 0.000000
-2.081362 -0.371715 0.418867 2.289651 0.000000 0.000000 0.000000 0.000000
-2.063661 -0.411389 0.400555 2.279733 0.000000 0.000000 0.000000 0.000000
-2.035584 -0.457778 0.392926 2.278970 0.000000 0.000000 0.000000 0.000000
-2.025208 -0.506607 0.375378 2.269814 0.000000 0.000000 0.000000 0.000000
-2.082583 -0.546892 0.361644 2.271340 0.000000 0.000000 0.000000 0.000000
-2.200995 -0.548723 0.346385 2.269814 0.000000 0.000000 0.000000 0.000000
-2.337108 -0.521256 0.335704 2.266762 0.000000 0.000000 0.000000 0.000000
-2.416456 -0.465102 0.315104 2.265236 0.000000 0.000000 0.000000 0.000000
-2.409131 -0.424207 0.299844 2.269814 0.000000 0.000000 0.000000 0.000000
-2.332224 -0.393078 0.286111 2.269051 0.000000 0.000000 0.000000 0.000000
-2.261421 -0.386364 0.273904 2.268288 0.000000 0.000000 0.000000 0.000000
-2.260201 -0.373547 0.261696 2.275155 0.000000 0.000000 0.000000 0.000000
-2.345042 -0.365001 0.243385 2.275918 0.000000 0.000000 0.000000 0.000000
-2.500077 -0.387585 0.229652 2.285074 0.000000 0.000000 0.000000 0.000000
-2.674031 -0.441298 0.212867 2.291177 0.000000 0.000000 0.000000 0.000000
-2.819300 -0.500504 0.201422 2.296518 0.000000 0.000000 0.000000 0.000000
-2.885830 -0.523087 0.181585 2.298043 0.000000 0.000000 0.000000 0.000000
-2.857753 -0.480361 0.165563 2.310251 0.000000 0.000000 0.000000 0.000000
-2.735069 -0.401624 0.153356 2.315592 0.000000 0.000000 0.000000 0.000000
-2.590411 -0.343638 0.139622 2.327036 0.000000 0.000000 0.000000 0.000000
-2.501907 -0.354625 0.122074 2.333903 0.000000 0.000000 0.000000 0.000000
-2.496414 -0.449843 0.110630 2.345347 0.000000 0.000000 0.000000 0.000000
-2.533036 -0.629292 0.096133 2.352977 0.000000 0.000000 0.000000 0.000000
-2.574541 -0.850856 0.083163 2.365184 0.000000 0.000000 0.000000 0.000000
-2.612995 -1.019318 0.068667 2.376629 0.000000 0.000000 0.000000 0.000000
-2.649617 -1.050447 0.054933 2.387310 0.000000 0.000000 0.000000 0.000000
-2.615436 -0.925932 0.042726 2.398755 0.000000 0.000000 0.000000 0.000000
-2.486648 -0.717185 0.031281 2.407910 0.000000 0.000000 0.000000 0.000000
-2.354198 -0.531632 0.020600 2.419355 0.000000 0.000000 0.000000 0.000000
-2.309641 -0.437025 0.003815 2.429273 0.000000 0.000000 0.000000 0.000000
-2.345042 -0.416272 -0.004578 2.446821 0.000000 0.000000 0.000000 0.000000
-2.369457 -0.443739 -0.014496 2.452925 0.000000 0.000000 0.000000 0.000000
-2.319407 -0.465712 -0.028230 2.463607 0.000000 0.000000 0.000000 0.000000
-2.207098 -0.480972 -0.041963 2.477340 0.000000 0.000000 0.000000 0.000000
-2.101504 -0.469375 -0.051881 2.486495 0.000000 0.000000 0.000000 0.000000
-2.042909 -0.446181 -0.061800 2.494125 0.000000 0.000000 0.000000 0.000000
-2.038636 -0.438246 -0.073244 2.504807 0.000000 0.000000 0.000000 0.000000
-2.075259 -0.449843 -0.080111 2.512436 0.000000 0.000000 0.000000 0.000000
-2.131412 -0.489517 -0.091556 2.519303 0.000000 0.000000 0.000000 0.000000
-2.188788 -0.537736 -0.099185 2.523880 0.000000 0.000000 0.000000 0.000000
-2.198553 -0.584124 -0.109867 2.529984 0.000000 0.000000 0.000000 0.000000
-2.154607 -0.592059 -0.115207 2.536088 0.000000 0.000000 0.000000 0.000000
-2.081973 -0.542619 -0.126652 2.540665 0.000000 0.000000 0.000000 0.000000
-2.017884 -0.449232 -0.129704 2.540665 0.000000 0.000000 0.000000 0.000000
-1.982482 -0.324717 -0.141148 2.539903 0.000000 0.000000 0.000000 0.000000
-1.993469 -0.180670 -0.150304 2.543717 0.000000 0.000000 0.000000 0.000000
-2.020936 -0.073244 -0.154881 2.546006 0.000000 0.000000 0.000000 0.000000
-2.053285 -0.012207 -0.159459 2.541429 0.000000 0.000000 0.000000 0.000000
-2.118595 -0.009766 -0.166326 2.539903 0.000000 0.000000 0.000000 0.000000
-2.205267 -0.032960 -0.167852 2.533036 0.000000 0.000000 0.000000 0.000000
-2.273018 -0.036012 -0.173956 2.529984 0.000000 0.000000 0.000000 0.000000
-2.279732 -0.036622 -0.182348 2.517777 0.000000 0.000000 0.000000 0.000000
-2.254707 -0.063478 -0.189978 2.512436 0.000000 0.000000 0.000000 0.000000
-2.266915 -0.133061 -0.189978 2.499466 0.000000 0.000000 0.000000 0.000000
-2.329782 -0.183111 -0.191504 2.491836 0.000000 0.000000 0.000000 0.000000
-2.381665 -0.184332 -0.196081 2.485733 0.000000 0.000000 0.000000 0.000000
-2.359691 -0.158086 -0.199896 2.471236 0.000000 0.000000 0.000000 0.000000
-2.299875 -0.155034 -0.201422 2.456740 0.000000 0.000000 0.000000 0.000000
-2.227241 -0.230110 -0.200659 2.442244 0.000000 0.000000 0.000000 0.000000
-2.157659 -0.350963 -0.206000 2.427747 0.000000 0.000000 0.000000 0.000000
-2.111881 -0.483413 -0.206000 2.413251 0.000000 0.000000 0.000000 0.000000
-2.094791 -0.595721 -0.210578 2.394177 0.000000 0.000000 0.000000 0.000000
-2.113712 -0.664083 -0.205237 2.378155 0.000000 0.000000 0.000000 0.000000
-2.156438 -0.679952 -0.210578 2.356029 0.000000 0.000000 0.000000 0.000000
-2.222968 -0.648213 -0.211341 2.341533 0.000000 0.000000 0.000000 0.000000
-2.305979 -0.580462 -0.213630 2.317881 0.000000 0.000000 0.000000 0.000000
-2.395092 -0.518204 -0.210578 2.296518 0.000000 0.000000 0.000000 0.000000
-2.448195 -0.473647 -0.212867 2.276681 0.000000 0.000000 0.000000 0.000000
-2.436598 -0.461440 -0.206763 2.256081 0.000000 0.000000 0.000000 0.000000
-2.343211 -0.447401 -0.204474 2.236243 0.000000 0.000000 0.000000 0.000000
-2.179632 -0.433363 -0.204474 2.214881 0.000000 0.000000 0.000000 0.000000
-2.022156 -0.468154 -0.203711 2.189703 0.000000 0.000000 0.000000 0.000000
-1.987975 -0.557268 -0.197607 2.166814 0.000000 0.000000 0.000000 0.000000
-2.092959 -0.684835 -0.198370 2.149266 0.000000 0.000000 0.000000 0.000000
-2.212592 -0.787988 -0.196081 2.122562 0.000000 0.000000 0.000000 0.000000
-2.243111 -0.838649 -0.196844 2.098910 0.000000 0.000000 0.000000 0.000000
-2.178411 -0.834376 -0.194555 2.079073 0.000000 0.000000 0.000000 0.000000
-2.078310 -0.779443 -0.189215 2.052370 0.000000 0.000000 0.000000 0.000000
-1.992859 -0.686666 -0.183111 2.034059 0.000000 0.000000 0.000000 0.000000
-1.922055 -0.522477 -0.181585 2.008118 0.000000 0.000000 0.000000 0.000000
-1.859798 -0.310678 -0.177770 1.989044 0.000000 0.000000 0.000000 0.000000
-1.814631 -0.139164 -0.173956 1.964629 0.000000 0.000000 0.000000 0.000000
-1.767632 -0.082400 -0.170141 1.947844 0.000000 0.000000 0.000000 0.000000
-1.705985 -0.179449 -0.166326 1.922666 0.000000 0.000000 0.000000 0.000000
-1.662038 -0.380871 -0.163274 1.906644 0.000000 0.000000 0.000000 0.000000
-1.685232 -0.581683 -0.154881 1.882992 0.000000 0.000000 0.000000 0.000000
-1.802423 -0.735496 -0.151830 1.869259 0.000000 0.000000 0.000000 0.000000
-1.947080 -0.845973 -0.147252 1.849421 0.000000 0.000000 0.000000 0.000000
-2.038636 -0.903348 -0.144200 1.829585 0.000000 0.000000 0.000000 0.000000
-2.020936 -0.870998 -0.138859 1.812800 0.000000 0.000000 0.000000 0.000000
-1.934263 -0.747093 -0.135807 1.795251 0.000000 0.000000 0.000000 0.000000
-1.872616 -0.573748 -0.133518 1.777703 0.000000 0.000000 0.000000 0.000000
-1.909238 -0.457778 -0.128941 1.764732 0.000000 0.000000 0.000000 0.000000
-2.039857 -0.454726 -0.125889 1.753288 0.000000 0.000000 0.000000 0.000000
-2.182074 -0.519425 -0.120548 1.738029 0.000000 0.000000 0.000000 0.000000
-2.235786 -0.602435 -0.116733 1.722770 0.000000 0.000000 0.000000 0.000000
-2.171697 -0.679952 -0.112156 1.709800 0.000000 0.000000 0.000000 0.000000
-2.050844 -0.796533 -0.112156 1.702933 0.000000 0.000000 0.000000 0.000000
-1.984314 -0.955840 -0.107578 1.694540 0.000000 0.000000 0.000000 0.000000
-2.030091 -1.078524 -0.103763 1.686148 0.000000 0.000000 0.000000 0.000000
-2.127140 -1.095004 -0.103763 1.674703 0.000000 0.000000 0.000000 0.000000
-2.169256 -1.013214 -0.103763 1.668599 0.000000 0.000000 0.000000 0.000000
-2.106388 -0.908231 -0.096133 1.666311 0.000000 0.000000 0.000000 0.000000
-2.003235 -0.842311 -0.097659 1.654866 0.000000 0.000000 0.000000 0.000000
-1.969054 -0.798975 -0.097659 1.649525 0.000000 0.000000 0.000000 0.000000
-2.020936 -0.750145 -0.099185 1.645711 0.000000 0.000000 0.000000 0.000000
-2.088686 -0.672018 -0.095370 1.642659 0.000000 0.000000 0.000000 0.000000
-2.066713 -0.593890 -0.093081 1.640370 0.000000 0.000000 0.000000 0.000000
-1.959288 -0.543840 -0.097659 1.640370 0.000000 0.000000 0.000000 0.000000
-1.867733 -0.526139 -0.095370 1.641896 0.000000 0.000000 0.000000 0.000000
-1.862239 -0.517594 -0.096133 1.638844 0.000000 0.000000 0.000000 0.000000
-1.961119 -0.519425 -0.096896 1.638844 0.000000 0.000000 0.000000 0.000000
-2.095401 -0.551164 -0.096133 1.643422 0.000000 0.000000 0.000000 0.000000
-2.153386 -0.597552 -0.099948 1.645711 0.000000 0.000000 0.000000 0.000000
-2.067324 -0.626240 -0.104526 1.648762 0.000000 0.000000 0.000000 0.000000
-1.874447 -0.623188 -0.105289 1.651051 0.000000 0.000000 0.000000 0.000000
-1.685232 -0.584735 -0.109867 1.660207 0.000000 0.000000 0.000000 0.000000
-1.577196 -0.543840 -0.110630 1.670125 0.000000 0.000000 0.000000 0.000000
-1.580859 -0.495010 -0.109867 1.677755 0.000000 0.000000 0.000000 0.000000
-1.648610 -0.446181 -0.114444 1.686147 0.000000 0.000000 0.000000 0.000000
-1.735893 -0.396741 -0.117496 1.696066 0.000000 0.000000 0.000000 0.000000
-1.823176 -0.336314 -0.124363 1.707510 0.000000 0.000000 0.000000 0.000000
-1.903134 -0.289926 -0.126652 1.722007 0.000000 0.000000 0.000000 0.000000
-1.928770 -0.282601 -0.129704 1.731925 0.000000 0.000000 0.000000 0.000000
-1.873836 -0.344249 -0.128178 1.745659 0.000000 0.000000 0.000000 0.000000
-1.773736 -0.437025 -0.138859 1.754051 0.000000 0.000000 0.000000 0.000000
-1.676687 -0.534684 -0.148778 1.773125 0.000000 0.000000 0.000000 0.000000
-1.604053 -0.606098 -0.148015 1.787622 0.000000 0.000000 0.000000 0.000000
-1.570482 -0.673849 -0.151830 1.808222 0.000000 0.000000 0.000000 0.000000
-1.593066 -0.734275 -0.159459 1.824244 0.000000 0.000000 0.000000 0.000000
-1.669973 -0.736106 -0.161748 1.838740 0.000000 0.000000 0.000000 0.000000
-1.779839 -0.636006 -0.169378 1.860866 0.000000 0.000000 0.000000 0.000000
-1.834162 -0.466323 -0.173193 1.881466 0.000000 0.000000 0.000000 0.000000
-1.780450 -0.308847 -0.177770 1.902066 0.000000 0.000000 0.000000 0.000000
-1.620533 -0.214240 -0.181585 1.920377 0.000000 0.000000 0.000000 0.000000
-1.437422 -0.226447 -0.185400 1.938688 0.000000 0.000000 0.000000 0.000000
-1.320231 -0.308237 -0.185400 1.956999 0.000000 0.000000 0.000000 0.000000
-1.280557 -0.451064 -0.191504 1.985229 0.000000 0.000000 0.000000 0.000000
-1.257973 -0.629902 -0.194555 2.005066 0.000000 0.000000 0.000000 0.000000
-1.229896 -0.794092 -0.202948 2.021851 0.000000 0.000000 0.000000 0.000000
-1.195105 -0.910672 -0.201422 2.046266 0.000000 0.000000 0.000000 0.000000
-1.167638 -0.980865 -0.208289 2.071444 0.000000 0.000000 0.000000 0.000000
-1.146886 -1.021149 -0.215918 2.098147 0.000000 0.000000 0.000000 0.000000
-1.167028 -1.038850 -0.215155 2.118747 0.000000 0.000000 0.000000 0.000000
-1.239051 -1.013214 -0.219733 2.139347 0.000000 0.000000 0.000000 0.000000
-1.316568 -0.910672 -0.221259 2.159947 0.000000 0.000000 0.000000 0.000000
-1.343425 -0.739769 -0.227363 2.185125 0.000000 0.000000 0.000000 0.000000
-1.296426 -0.553606 -0.226600 2.207251 0.000000 0.000000 0.000000 0.000000
-1.188391 -0.424818 -0.230415 2.227088 0.000000 0.000000 0.000000 0.000000
-1.063265 -0.374157 -0.234993 2.249214 0.000000 0.000000 0.000000 0.000000
-0.958891 -0.382092 -0.236518 2.266762 0.000000 0.000000 0.000000 0.000000
-0.889309 -0.427869 -0.239570 2.287362 0.000000 0.000000 0.000000 0.000000
-0.830714 -0.516983 -0.238044 2.304910 0.000000 0.000000 0.000000 0.000000
-0.797143 -0.630512 -0.238807 2.321695 0.000000 0.000000 0.000000 0.000000
-0.809961 -0.731223 -0.239570 2.344584 0.000000 0.000000 0.000000 0.000000
-0.875881 -0.780663 -0.238044 2.359843 0.000000 0.000000 0.000000 0.000000
-0.947294 -0.777001 -0.238807 2.375866 0.000000 0.000000 0.000000 0.000000
-0.981475 -0.775170 -0.239570 2.393414 0.000000 0.000000 0.000000 0.000000
-0.947905 -0.781274 -0.236518 2.402570 0.000000 0.000000 0.000000 0.000000
-0.886868 -0.778832 -0.239570 2.419355 0.000000 0.000000 0.000000 0.000000
-0.852687 -0.754418 -0.233467 2.433851 0.000000 0.000000 0.000000 0.000000
-0.875271 -0.733055 -0.230415 2.448347 0.000000 0.000000 0.000000 0.000000
-0.947295 -0.730613 -0.225837 2.454451 0.000000 0.000000 0.000000 0.000000
-1.026032 -0.751976 -0.226600 2.466659 0.000000 0.000000 0.000000 0.000000
-1.050447 -0.784936 -0.225837 2.478866 0.000000 0.000000 0.000000 0.000000
-1.023591 -0.804468 -0.219733 2.489547 0.000000 0.000000 0.000000 0.000000
-0.984527 -0.811182 -0.217444 2.497940 0.000000 0.000000 0.000000 0.000000
-0.995514 -0.805078 -0.212867 2.502518 0.000000 0.000000 0.000000 0.000000
-1.069368 -0.802026 -0.205237 2.509385 0.000000 0.000000 0.000000 0.000000
-1.151158 -0.787988 -0.202185 2.518540 0.000000 0.000000 0.000000 0.000000
-1.174963 -0.723899 -0.196081 2.525407 0.000000 0.000000 0.000000 0.000000
-1.089511 -0.632954 -0.189215 2.529984 0.000000 0.000000 0.000000 0.000000
-0.917997 -0.590228 -0.183874 2.537614 0.000000 0.000000 0.000000 0.000000
-0.757469 -0.639668 -0.179296 2.538377 0.000000 0.000000 0.000000 0.000000
-0.704978 -0.765404 -0.165563 2.541429 0.000000 0.000000 0.000000 0.000000
-0.753807 -0.907010 -0.164800 2.545244 0.000000 0.000000 0.000000 0.000000
-0.803858 -1.037019 -0.154118 2.548295 0.000000 0.000000 0.000000 0.000000
-0.759301 -1.129795 -0.147252 2.547533 0.000000 0.000000 0.000000 0.000000
-0.628681 -1.174963 -0.134281 2.549058 0.000000 0.000000 0.000000 0.000000
-0.496231 -1.157262 -0.133518 2.553636 0.000000 0.000000 0.000000 0.000000
-0.433973 -1.089511 -0.120548 2.549821 0.000000 0.000000 0.000000 0.000000
-0.423597 -0.985137 -0.109104 2.548295 0.000000 0.000000 0.000000 0.000000
-0.424818 -0.884426 -0.106052 2.546770 0.000000 0.000000 0.000000 0.000000
-0.410169 -0.803858 -0.094607 2.546770 0.000000 0.000000 0.000000 0.000000
-0.404675 -0.740379 -0.082400 2.539140 0.000000 0.000000 0.000000 0.000000
-0.449232 -0.645161 -0.074007 2.539903 0.000000 0.000000 0.000000 0.000000
-0.525529 -0.508438 -0.064089 2.537614 0.000000 0.000000 0.000000 0.000000
-0.561541 -0.396741 -0.051881 2.534562 0.000000 0.000000 0.000000 0.000000
-0.512711 -0.361949 -0.045778 2.527695 0.000000 0.000000 0.000000 0.000000
-0.377819 -0.390637 -0.033570 2.524643 0.000000 0.000000 0.000000 0.000000
-0.217902 -0.439466 -0.023652 2.519303 0.000000 0.000000 0.000000 0.000000
-0.115970 -0.493179 -0.009919 2.517777 0.000000 0.000000 0.000000 0.000000
-0.125126 -0.554826 0.000763 2.507095 0.000000 0.000000 0.000000 0.000000
-0.234992 -0.653096 0.010681 2.503281 0.000000 0.000000 0.000000 0.000000
-0.346080 -0.771508 0.018311 2.497177 0.000000 0.000000 0.000000 0.000000
-0.342418 -0.843532 0.025178 2.491836 0.000000 0.000000 0.000000 0.000000
-0.177007 -0.847804 0.035859 2.486495 0.000000 0.000000 0.000000 0.000000
0.034181 -0.821558 0.046541 2.472762 0.000000 0.000000 0.000000 0.000000
0.130619 -0.788598 0.051881 2.471236 0.000000 0.000000 0.000000 0.000000
0.024415 -0.756249 0.063326 2.463607 0.000000 0.000000 0.000000 0.000000
-0.192267 -0.675680 0.070193 2.455214 0.000000 0.000000 0.000000 0.000000
-0.327769 -0.563982 0.081637 2.444533 0.000000 0.000000 0.000000 0.000000
-0.296029 -0.476089 0.086215 2.433088 0.000000 0.000000 0.000000 0.000000
-0.166021 -0.477920 0.094607 2.428510 0.000000 0.000000 0.000000 0.000000
-0.091556 -0.560320 0.097659 2.416303 0.000000 0.000000 0.000000 0.000000
-0.146489 -0.646382 0.105289 2.404858 0.000000 0.000000 0.000000 0.000000
-0.318613 -0.701926 0.109867 2.400281 0.000000 0.000000 0.000000 0.000000
-0.504776 -0.690939 0.117496 2.391125 0.000000 0.000000 0.000000 0.000000
-0.614643 -0.655537 0.119022 2.378155 0.000000 0.000000 0.000000 0.000000
-0.603656 -0.606708 0.126652 2.371288 0.000000 0.000000 0.000000 0.000000
-0.486465 -0.527970 0.129704 2.359081 0.000000 0.000000 0.000000 0.000000
-0.357677 -0.434584 0.133518 2.352214 0.000000 0.000000 0.000000 0.000000
-0.272835 -0.352794 0.135807 2.340770 0.000000 0.000000 0.000000 0.000000
-0.265511 -0.363781 0.137333 2.327799 0.000000 0.000000 0.000000 0.000000
-0.318003 -0.488296 0.137333 2.317881 0.000000 0.000000 0.000000 0.000000
-0.407117 -0.678121 0.135044 2.307199 0.000000 0.000000 0.000000 0.000000
-0.491958 -0.872829 0.137333 2.294229 0.000000 0.000000 0.000000 0.000000
-0.542619 -1.030305 0.132756 2.282784 0.000000 0.000000 0.000000 0.000000
-0.567644 -1.113315 0.133518 2.269051 0.000000 0.000000 0.000000 0.000000
-0.585345 -1.114536 0.134281 2.257607 0.000000 0.000000 0.000000 0.000000
-0.552385 -1.005890 0.134281 2.244636 0.000000 0.000000 0.000000 0.000000
-0.401624 -0.791040 0.126652 2.227851 0.000000 0.000000 0.000000 0.000000
-0.120853 -0.520646 0.122074 2.216406 0.000000 0.000000 0.000000 0.000000
0.172124 -0.311289 0.125126 2.200384 0.000000 0.000000 0.000000 0.000000
0.310678 -0.214240 0.115207 2.182836 0.000000 0.000000 0.000000 0.000000
0.229499 -0.229499 0.107578 2.172155 0.000000 0.000000 0.000000 0.000000
0.057375 -0.300302 0.109104 2.153081 0.000000 0.000000 0.000000 0.000000
-0.042726 -0.412000 0.098422 2.134770 0.000000 0.000000 0.000000 0.000000
0.003662 -0.562761 0.093844 2.116459 0.000000 0.000000 0.000000 0.000000
0.082400 -0.718406 0.089267 2.103488 0.000000 0.000000 0.000000 0.000000
0.107425 -0.828272 0.080111 2.079073 0.000000 0.000000 0.000000 0.000000
0.091556 -0.845973 0.073244 2.059999 0.000000 0.000000 0.000000 0.000000
0.101932 -0.796533 0.064852 2.043977 0.000000 0.000000 0.000000 0.000000
0.192877 -0.734886 0.061037 2.022614 0.000000 0.000000 0.000000 0.000000
0.315561 -0.711081 0.055696 2.004303 0.000000 0.000000 0.000000 0.000000
0.422987 -0.716575 0.041200 1.976836 0.000000 0.000000 0.000000 0.000000
0.528581 -0.720847 0.037385 1.952421 0.000000 0.000000 0.000000 0.000000
0.602435 -0.686056 0.034333 1.930296 0.000000 0.000000 0.000000 0.000000
0.559099 -0.628681 0.027467 1.907407 0.000000 0.000000 0.000000 0.000000
0.369884 -0.549333 0.016785 1.879177 0.000000 0.000000 0.000000 0.000000
0.135502 -0.452284 0.011444 1.851710 0.000000 0.000000 0.000000 0.000000
0.043336 -0.356456 0.005341 1.828822 0.000000 0.000000 0.000000 0.000000
0.149541 -0.296030 -0.001526 1.799829 0.000000 0.000000 0.000000 0.000000
0.305185 -0.292978 -0.010681 1.766259 0.000000 0.000000 0.000000 0.000000
0.352184 -0.340587 -0.019837 1.733451 0.000000 0.000000 0.000000 0.000000
0.278939 -0.414441 -0.024415 1.705984 0.000000 0.000000 0.000000 0.000000
0.205084 -0.494400 -0.026704 1.671651 0.000000 0.000000 0.000000 0.000000
0.204474 -0.567644 -0.039674 1.639607 0.000000 0.000000 0.000000 0.000000
0.281381 -0.619526 -0.039674 1.602222 0.000000 0.000000 0.000000 0.000000
0.419324 -0.646382 -0.042726 1.565600 0.000000 0.000000 0.000000 0.000000
0.607318 -0.646382 -0.050356 1.530503 0.000000 0.000000 0.000000 0.000000
0.772118 -0.621967 -0.057222 1.490066 0.000000 0.000000 0.000000 0.000000
0.828272 -0.587786 -0.061800 1.450392 0.000000 0.000000 0.000000 0.000000
0.766625 -0.574969 -0.066378 1.414533 0.000000 0.000000 0.000000 0.000000
0.676290 -0.611591 -0.071718 1.377148 0.000000 0.000000 0.000000 0.000000
0.645772 -0.704367 -0.076296 1.335185 0.000000 0.000000 0.000000 0.000000
0.679342 -0.811792 -0.086215 1.292459 0.000000 0.000000 0.000000 0.000000
0.691550 -0.896023 -0.079348 1.249733 0.000000 0.000000 0.000000 0.000000
0.647603 -0.918607 -0.085452 1.205481 0.000000 0.000000 0.000000 0.000000
0.591449 -0.903348 -0.085452 1.164281 0.000000 0.000000 0.000000 0.000000
0.614032 -0.845973 -0.090030 1.122318 0.000000 0.000000 0.000000 0.000000
0.729392 -0.753197 -0.099185 1.073489 0.000000 0.000000 0.000000 0.000000
0.883816 -0.609760 -0.093081 1.026185 0.000000 0.000000 0.000000 0.000000
0.983917 -0.471206 -0.093844 0.984985 0.000000 0.000000 0.000000 0.000000
0.969878 -0.369884 -0.096133 0.940733 0.000000 0.000000 0.000000 0.000000
0.836207 -0.338755 -0.102237 0.891903 0.000000 0.000000 0.000000 0.000000
0.621967 -0.380871 -0.102237 0.846126 0.000000 0.000000 0.000000 0.000000
0.432752 -0.468154 -0.099185 0.795007 0.000000 0.000000 0.000000 0.000000
0.359508 -0.606097 -0.103763 0.754570 0.000000 0.000000 0.000000 0.000000
0.452284 -0.767846 -0.099185 0.710318 0.000000 0.000000 0.000000 0.000000
0.639058 -0.941191 -0.099948 0.658437 0.000000 0.000000 0.000000 0.000000
0.775170 -1.060823 -0.101474 0.614185 0.000000 0.000000 0.000000 0.000000
0.806909 -1.061434 -0.100711 0.562303 0.000000 0.000000 0.000000 0.000000
0.787988 -0.948515 -0.101474 0.518052 0.000000 0.000000 0.000000 0.000000
0.814844 -0.771508 -0.103763 0.466170 0.000000 0.000000 0.000000 0.000000
0.911283 -0.578021 -0.099948 0.425733 0.000000 0.000000 0.000000 0.000000
1.016266 -0.399792 -0.103000 0.375378 0.000000 0.000000 0.000000 0.000000
1.037019 -0.270394 -0.104526 0.326548 0.000000 0.000000 0.000000 0.000000
0.944853 -0.222175 -0.096896 0.283059 0.000000 0.000000 0.000000 0.000000
0.787988 -0.245979 -0.101474 0.233467 0.000000 0.000000 0.000000 0.000000
0.668355 -0.322886 -0.097659 0.190741 0.000000 0.000000 0.000000 0.000000
0.665914 -0.409558 -0.096896 0.143437 0.000000 0.000000 0.000000 0.000000
0.759911 -0.479141 -0.100711 0.096896 0.000000 0.000000 0.000000 0.000000
0.869777 -0.555437 -0.104526 0.049593 0.000000 0.000000 0.000000 0.000000
0.904569 -0.606098 -0.103000 0.002289 0.000000 0.000000 0.000000 0.000000
0.840480 -0.623188 -0.102237 -0.043489 0.000000 0.000000 0.000000 0.000000
0.761742 -0.584124 -0.103763 -0.084689 0.000000 0.000000 0.000000 0.000000
0.750145 -0.505387 -0.105289 -0.129704 0.000000 0.000000 0.000000 0.000000
0.833766 -0.456557 -0.103763 -0.170904 0.000000 0.000000 0.000000 0.000000
0.954619 -0.470595 -0.104526 -0.216681 0.000000 0.000000 0.000000 0.000000
1.025422 -0.514542 -0.106052 -0.256355 0.000000 0.000000 0.000000 0.000000
1.019929 -0.562151 -0.105289 -0.297555 0.000000 0.000000 0.000000 0.000000
0.958892 -0.587786 -0.109104 -0.341807 0.000000 0.000000 0.000000 0.000000
0.904569 -0.581683 -0.109104 -0.378430 0.000000 0.000000 0.000000 0.000000
0.933866 -0.563372 -0.118259 -0.422681 0.000000 0.000000 0.000000 0.000000
1.051668 -0.553606 -0.118259 -0.456252 0.000000 0.000000 0.000000 0.000000
1.164586 -0.554826 -0.119022 -0.493637 0.000000 0.000000 0.000000 0.000000
1.140171 -0.572527 -0.122074 -0.528733 0.000000 0.000000 0.000000 0.000000
0.973540 -0.617084 -0.125126 -0.568407 0.000000 0.000000 0.000000 0.000000
0.793481 -0.641499 -0.134281 -0.599689 0.000000 0.000000 0.000000 0.000000
0.775170 -0.632343 -0.134281 -0.627918 0.000000 0.000000 0.000000 0.000000
0.972930 -0.577410 -0.140385 -0.662252 0.000000 0.000000 0.000000 0.000000
1.253700 -0.478530 -0.147252 -0.697348 0.000000 0.000000 0.000000 0.000000
1.419721 -0.350352 -0.152593 -0.724815 0.000000 0.000000 0.000000 0.000000
1.383709 -0.233772 -0.155644 -0.749992 0.000000 0.000000 0.000000 0.000000
1.237831 -0.169683 -0.162511 -0.778222 0.000000 0.000000 0.000000 0.000000
1.137120 -0.178838 -0.167852 -0.804926 0.000000 0.000000 0.000000 0.000000
1.197546 -0.248421 -0.168615 -0.833155 0.000000 0.000000 0.000000 0.000000
1.383099 -0.369884 -0.180822 -0.852229 0.000000 0.000000 0.000000 0.000000
1.552171 -0.522477 -0.186926 -0.872829 0.000000 0.000000 0.000000 0.000000
1.588183 -0.683004 -0.193793 -0.894955 0.000000 0.000000 0.000000 0.000000
1.480147 -0.780053 -0.199133 -0.910977 0.000000 0.000000 0.000000 0.000000
1.375774 -0.766015 -0.206763 -0.930815 0.000000 0.000000 0.000000 0.000000
1.414838 -0.664693 -0.214393 -0.949126 0.000000 0.000000 0.000000 0.000000
1.603443 -0.563372 -0.219733 -0.963622 0.000000 0.000000 0.000000 0.000000
1.812799 -0.474868 -0.225837 -0.974303 0.000000 0.000000 0.000000 0.000000
1.876278 -0.375378 -0.234993 -0.986511 0.000000 0.000000 0.000000 0.000000
1.759087 -0.227668 -0.242622 -0.997955 0.000000 0.000000 0.000000 0.000000
1.596118 -0.079348 -0.245674 -1.010926 0.000000 0.000000 0.000000 0.000000
1.517380 -0.029298 -0.254067 -1.016266 0.000000 0.000000 0.000000 0.000000
1.539353 -0.122074 -0.269326 -1.021607 0.000000 0.000000 0.000000 0.000000
1.584521 -0.299081 -0.272378 -1.030763 0.000000 0.000000 0.000000 0.000000
1.588794 -0.463881 -0.281533 -1.032289 0.000000 0.000000 0.000000 0.000000
1.547289 -0.553606 -0.286111 -1.036866 0.000000 0.000000 0.000000 0.000000
1.458174 -0.572527 -0.292978 -1.034577 0.000000 0.000000 0.000000 0.000000
1.355632 -0.540178 -0.298318 -1.036866 0.000000 0.000000 0.000000 0.000000
1.311075 -0.477920 -0.310526 -1.040681 0.000000 0.000000 0.000000 0.000000
1.408124 -0.413831 -0.313578 -1.037629 0.000000 0.000000 0.000000 0.000000
1.621143 -0.395520 -0.322733 -1.033814 0.000000 0.000000 0.000000 0.000000
1.801813 -0.438856 -0.325785 -1.030000 0.000000 0.000000 0.000000 0.000000
1.800592 -0.515763 -0.330363 -1.026948 0.000000 0.000000 0.000000 0.000000
1.657765 -0.576189 -0.338755 -1.018555 0.000000 0.000000 0.000000 0.000000
1.555223 -0.587786 -0.345622 -1.012451 0.000000 0.000000 0.000000 0.000000
1.629078 -0.584735 -0.350200 -1.001007 0.000000 0.000000 0.000000 0.000000
1.788995 -0.606098 -0.360118 -0.996429 0.000000 0.000000 0.000000 0.000000
1.855526 -0.691549 -0.362407 -0.984222 0.000000 0.000000 0.000000 0.000000
1.737113 -0.820948 -0.369274 -0.973540 0.000000 0.000000 0.000000 0.000000
1.513108 -0.943632 -0.377667 -0.960570 0.000000 0.000000 0.000000 0.000000
1.345866 -1.016266 -0.380718 -0.952177 0.000000 0.000000 0.000000 0.000000
1.321451 -1.007111 -0.380718 -0.933866 0.000000 0.000000 0.000000 0.000000
1.427656 -0.910062 -0.386822 -0.920896 0.000000 0.000000 0.000000 0.000000
1.575365 -0.749535 -0.393689 -0.905637 0.000000 0.000000 0.000000 0.000000
1.703543 -0.577410 -0.400555 -0.888852 0.000000 0.000000 0.000000 0.000000
1.812799 -0.415662 -0.400555 -0.872066 0.000000 0.000000 0.000000 0.000000
1.930601 -0.308847 -0.408185 -0.857570 0.000000 0.000000 0.000000 0.000000
2.056337 -0.264901 -0.415052 -0.839259 0.000000 0.000000 0.000000 0.000000
2.166204 -0.294809 -0.415815 -0.824000 0.000000 0.000000 0.000000 0.000000
2.226630 -0.352794 -0.421918 -0.804926 0.000000 0.000000 0.000000 0.000000
2.200384 -0.431532 -0.424970 -0.785852 0.000000 0.000000 0.000000 0.000000
2.104556 -0.515763 -0.430311 -0.769829 0.000000 0.000000 0.000000 0.000000
1.976989 -0.611591 -0.434889 -0.749229 0.000000 0.000000 0.000000 0.000000
1.920224 -0.666524 -0.436415 -0.736259 0.000000 0.000000 0.000000 0.000000
2.001404 -0.637837 -0.439467 -0.711844 0.000000 0.000000 0.000000 0.000000
2.223579 -0.550554 -0.444044 -0.698111 0.000000 0.000000 0.000000 0.000000
2.481765 -0.431532 -0.450148 -0.673696 0.000000 0.000000 0.000000 0.000000
2.644734 -0.303964 -0.457015 -0.660726 0.000000 0.000000 0.000000 0.000000
2.649006 -0.180059 -0.457778 -0.642415 0.000000 0.000000 0.000000 0.000000
2.537919 -0.098270 -0.463881 -0.621815 0.000000 0.000000 0.000000 0.000000
2.414014 -0.117801 -0.466170 -0.607318 0.000000 0.000000 0.000000 0.000000
2.320017 -0.245979 -0.472274 -0.596637 0.000000 0.000000 0.000000 0.000000
2.226630 -0.423597 -0.473037 -0.578326 0.000000 0.000000 0.000000 0.000000
2.110049 -0.538347 -0.482192 -0.567644 0.000000 0.000000 0.000000 0.000000
2.017273 -0.530412 -0.488296 -0.553911 0.000000 0.000000 0.000000 0.000000
2.055727 -0.444960 -0.489059 -0.540941 0.000000 0.000000 0.000000 0.000000
2.218695 -0.350963 -0.495163 -0.531022 0.000000 0.000000 0.000000 0.000000
2.412183 -0.286264 -0.499741 -0.517289 0.000000 0.000000 0.000000 0.000000
2.531816 -0.258187 -0.502029 -0.508133 0.000000 0.000000 0.000000 0.000000
2.550737 -0.267342 -0.507370 -0.498215 0.000000 0.000000 0.000000 0.000000
2.525101 -0.302133 -0.511948 -0.485244 0.000000 0.000000 0.000000 0.000000
2.469558 -0.385144 -0.516526 -0.476852 0.000000 0.000000 0.000000 0.000000
2.375561 -0.489517 -0.521104 -0.470748 0.000000 0.000000 0.000000 0.000000
2.247993 -0.578631 -0.524918 -0.461592 0.000000 0.000000 0.000000 0.000000
2.168035 -0.621967 -0.525681 -0.458541 0.000000 0.000000 0.000000 0.000000
2.184515 -0.626240 -0.532548 -0.454726 0.000000 0.000000 0.000000 0.000000
2.287668 -0.605487 -0.536363 -0.443281 0.000000 0.000000 0.000000 0.000000
2.394482 -0.545061 -0.543992 -0.443281 0.000000 0.000000 0.000000 0.000000
2.462843 -0.443129 -0.546281 -0.437941 0.000000 0.000000 0.000000 0.000000
2.494583 -0.312510 -0.550859 -0.431074 0.000000 0.000000 0.000000 0.000000
2.500687 -0.188604 -0.550859 -0.431074 0.000000 0.000000 0.000000 0.000000
2.467116 -0.068361 -0.558489 -0.434889 0.000000 0.000000 0.000000 0.000000
2.382275 0.042726 -0.565355 -0.430311 0.000000 0.000000 0.000000 0.000000
2.320627 0.137944 -0.566118 -0.431074 0.000000 0.000000 0.000000 0.000000
2.346874 0.155034 -0.569933 -0.435652 0.000000 0.000000 0.000000 0.000000
2.484207 0.075076 -0.577563 -0.437178 0.000000 0.000000 0.000000 0.000000
2.614215 -0.049440 -0.582141 -0.434126 0.000000 0.000000 0.000000 0.000000
2.623371 -0.140996 -0.585192 -0.440229 0.000000 0.000000 0.000000 0.000000
2.500686 -0.164800 -0.592059 -0.441755 0.000000 0.000000 0.000000 0.000000
2.364574 -0.161138 -0.592822 -0.439467 0.000000 0.000000 0.000000 0.000000
2.331004 -0.205695 -0.601215 -0.444044 0.000000 0.000000 0.000000 0.000000
2.440260 -0.327769 -0.602741 -0.450911 0.000000 0.000000 0.000000 0.000000
2.615436 -0.476089 -0.608844 -0.452437 0.000000 0.000000 0.000000 0.000000
2.754601 -0.599994 -0.613422 -0.450911 0.000000 0.000000 0.000000 0.000000
2.786340 -0.695212 -0.618763 -0.460829 0.000000 0.000000 0.000000 0.000000
2.711264 -0.760521 -0.625629 -0.462355 0.000000 0.000000 0.000000 0.000000
2.555620 -0.748924 -0.630970 -0.469222 0.000000 0.000000 0.000000 0.000000
2.421949 -0.632343 -0.638600 -0.470748 0.000000 0.000000 0.000000 0.000000
2.389599 -0.430311 -0.638600 -0.475326 0.000000 0.000000 0.000000 0.000000
2.441481 -0.230720 -0.648518 -0.482955 0.000000 0.000000 0.000000 0.000000
2.503128 -0.097049 -0.653096 -0.486007 0.000000 0.000000 0.000000 0.000000
2.517167 -0.061037 -0.656148 -0.486007 0.000000 0.000000 0.000000 0.000000
2.515336 -0.108036 -0.663778 -0.492874 0.000000 0.000000 0.000000 0.000000
2.532425 -0.200812 -0.669881 -0.502029 0.000000 0.000000 0.000000 0.000000
2.576372 -0.336924 -0.673696 -0.500504 0.000000 0.000000 0.000000 0.000000
2.621539 -0.484634 -0.681326 -0.504318 0.000000 0.000000 0.000000 0.000000
