-0.170293 0.136723 -0.715659 -0.666829 0.028605 0.000370 0.057625 0.000207
-0.241707 0.180670 -0.721000 -0.669881 0.113199 0.006212 0.289690 2.718107
-0.258187 0.174566 -0.727104 -0.672170 0.238462 0.014255 0.709760 4.665596
-0.205084 0.120243 -0.737785 -0.668355 0.108211 0.007492 0.403410 0.202182
-0.191046 0.037843 -0.740074 -0.670644 0.009334 0.001175 0.266584 2.225484
-0.308847 -0.051271 -0.749992 -0.666829 0.001228 0.000360 0.241211 1.818258
-0.504776 -0.114750 -0.750755 -0.668355 0.001613 0.000538 0.115281 1.362518
-0.626850 -0.129398 -0.753044 -0.661489 0.000996 0.000582 0.024997 0.421773
-0.599383 -0.115970 -0.765252 -0.664540 0.000560 0.000540 0.037531 0.300297
-0.482803 -0.096438 -0.766015 -0.650044 0.000463 0.000569 0.032632 0.165790
-0.391858 -0.093387 -0.774407 -0.653096 0.000438 0.000851 0.010366 0.023637
-0.387585 -0.090945 -0.778222 -0.642415 0.000465 0.000813 0.005607 0.002063
-0.469985 -0.085452 -0.784326 -0.638600 0.001266 0.001268 0.005075 0.045810
-0.597552 -0.093387 -0.793481 -0.628681 0.001238 0.001706 0.000318 0.034351
-0.710471 -0.121464 -0.794244 -0.623341 0.000226 0.000774 0.002086 0.025567
-0.731223 -0.151372 -0.804926 -0.611133 0.000217 0.000253 0.000686 0.011316
-0.612812 -0.143437 -0.808741 -0.600452 0.000437 0.000355 0.000543 0.004565
-0.463271 -0.075686 -0.814844 -0.586718 0.000987 0.000458 0.002910 0.007469
-0.442518 0.025025 -0.816370 -0.572222 0.001073 0.000413 0.003517 0.030289
-0.620136 0.108646 -0.823237 -0.561541 0.000540 0.000423 0.000708 0.021581
-0.831935 0.115360 -0.826289 -0.543992 0.001069 0.000508 0.000235 0.010705
-0.859401 0.057985 -0.830866 -0.520341 0.002996 0.001002 0.000647 0.009612
-0.673849 -0.022584 -0.840785 -0.505844 0.002626 0.001008 0.000906 0.007479
-0.477309 -0.073855 -0.846126 -0.484481 0.000761 0.002549 0.000988 0.004291
-0.484634 -0.111698 -0.850703 -0.465407 0.000210 0.005062 0.000715 0.004342
-0.678732 -0.133671 -0.850703 -0.438704 0.000319 0.004954 0.000306 0.002530
-0.841090 -0.128178 -0.857570 -0.419630 0.000443 0.006023 0.000068 0.000720
-0.779443 -0.065310 -0.860622 -0.390637 0.000260 0.007397 0.000010 0.000247
-0.509049 0.034791 -0.869015 -0.363170 0.000168 0.005393 0.000006 0.000140
-0.213630 0.101932 -0.872066 -0.340281 0.000430 0.003820 0.000020 0.000149
-0.076907 0.101321 -0.875118 -0.304422 0.000895 0.005526 0.000035 0.000137
-0.158086 0.055544 -0.881222 -0.278481 0.001412 0.006070 0.000038 0.000030
-0.379650 0.016480 -0.886563 -0.243385 0.002333 0.005113 0.000029 0.000099
-0.599383 -0.005493 -0.891140 -0.214393 0.002532 0.002681 0.000004 0.000079
-0.713523 -0.038453 -0.894192 -0.183111 0.001522 0.002018 0.000005 0.000063
-0.684835 -0.112918 -0.897244 -0.144200 0.000793 0.001024 0.000008 0.000023
-0.604267 -0.200812 -0.903348 -0.114444 0.001013 0.001372 0.000004 0.000009
-0.546892 -0.231330 -0.903348 -0.079348 0.001547 0.001337 0.000001 0.000005
-0.546281 -0.167852 -0.909452 -0.041200 0.002358 0.000700 0.000000 0.000003
-0.562761 -0.065920 -0.913266 -0.004578 0.003906 0.000755 0.000000 0.000010
-0.491958 0.003052 -0.913266 0.035096 0.004074 0.001399 0.000002 0.000020
-0.318613 -0.007324 -0.917844 0.072481 0.002702 0.001380 0.000002 0.000007
-0.162358 -0.047609 -0.920133 0.109867 0.001181 0.000765 0.000001 0.000002
-0.175176 -0.073855 -0.926237 0.148778 0.000753 0.000282 0.000001 0.000007
-0.385754 -0.097049 -0.927763 0.189978 0.000406 0.000206 0.000000 0.000009
-0.661641 -0.159307 -0.933103 0.225837 0.000768 0.000174 0.000000 0.000003
-0.805078 -0.225227 -0.939207 0.261696 0.000552 0.000191 0.000000 0.000002
-0.713523 -0.242317 -0.943022 0.308237 0.000738 0.000504 0.000000 0.000002
-0.450453 -0.203253 -0.950651 0.344859 0.001415 0.001090 0.000000 0.000001
-0.234382 -0.194098 -0.954466 0.379955 0.002787 0.003172 0.000000 0.000003
-0.236824 -0.253304 -0.962096 0.415815 0.004075 0.003091 0.000000 0.000005
-0.461440 -0.331431 -0.965148 0.453200 0.003186 0.002680 0.000000 0.000003
-0.709860 -0.318613 -0.971251 0.495163 0.003258 0.002953 0.000000 0.000001
-0.783105 -0.208136 -0.975066 0.527207 0.003024 0.001666 0.000000 0.000001
-0.662252 -0.079348 -0.981933 0.561540 0.002587 0.001998 0.000000 0.000001
-0.484024 -0.018311 -0.986511 0.597400 0.002920 0.002756 0.000000 0.000000
-0.417493 -0.029908 -0.994903 0.633259 0.002027 0.002576 0.000000 0.000000
-0.503555 -0.045167 -1.001007 0.668355 0.001295 0.003596 0.000000 0.000000
-0.645772 -0.006104 -1.007874 0.698874 0.001761 0.005897 0.000000 0.000000
-0.727561 0.089724 -1.020844 0.730155 0.001390 0.004799 0.000000 0.000000
-0.699484 0.192877 -1.023896 0.759148 0.001152 0.003107 0.000000 0.000000
-0.615864 0.305185 -1.031526 0.786615 0.000732 0.002067 0.000000 0.000000
-0.578631 0.417493 -1.041444 0.814844 0.000932 0.001682 0.000000 0.000000
-0.627461 0.504776 -1.050600 0.841548 0.000681 0.001105 0.000000 0.000000
-0.711081 0.547502 -1.055941 0.865200 0.001079 0.001180 0.000000 0.000000
-0.686666 0.513321 -1.063570 0.888089 0.001413 0.000536 0.000000 0.000000
-0.502945 0.409558 -1.073489 0.912503 0.001647 0.000342 0.000000 0.000000
-0.255135 0.245369 -1.084170 0.927763 0.001548 0.000297 0.000000 0.000000
-0.133061 0.047609 -1.094088 0.946074 0.001738 0.000300 0.000000 0.000000
-0.255135 -0.133671 -1.099429 0.961333 0.000941 0.000956 0.000000 0.000000
-0.536515 -0.230110 -1.113926 0.978881 0.000429 0.001878 0.000000 0.000000
-0.736106 -0.226447 -1.120792 0.990326 0.000383 0.001352 0.000000 0.000000
-0.660420 -0.176397 -1.130711 1.002533 0.000484 0.001248 0.000000 0.000000
-0.374157 -0.166631 -1.139103 1.012451 0.000748 0.001380 0.000000 0.000000
-0.153203 -0.231941 -1.152837 1.019318 0.001038 0.001131 0.000000 0.000000
-0.208136 -0.333872 -1.160466 1.022370 0.000792 0.000512 0.000000 0.000000
-0.482192 -0.399792 -1.173437 1.026185 0.000533 0.000162 0.000000 0.000000
-0.712912 -0.398572 -1.179540 1.028474 0.000274 0.000069 0.000000 0.000000
-0.733665 -0.363170 -1.197852 1.028474 0.000195 0.000110 0.000000 0.000000
-0.593890 -0.333872 -1.203192 1.028474 0.000216 0.000080 0.000000 0.000000
-0.471206 -0.256355 -1.216925 1.030000 0.000247 0.000093 0.000000 0.000000
-0.461440 -0.098270 -1.229133 1.023133 0.000267 0.000098 0.000000 0.000000
-0.499283 0.138554 -1.239814 1.017029 0.000242 0.000113 0.000000 0.000000
-0.491348 0.354625 -1.248207 1.010926 0.000119 0.000133 0.000000 0.000000
-0.421766 0.432142 -1.256600 1.004059 0.000090 0.000101 0.000000 0.000000
-0.365001 0.326548 -1.274911 0.997192 0.000071 0.000057 0.000000 0.000000
-0.385144 0.082400 -1.284829 0.983459 0.000086 0.000096 0.000000 0.000000
-0.467544 -0.181890 -1.296274 0.970489 0.000115 0.000182 0.000000 0.000000
-0.596942 -0.397961 -1.306955 0.959807 0.000133 0.000296 0.000000 0.000000
-0.748924 -0.538957 -1.317637 0.945311 0.000115 0.000360 0.000000 0.000000
-0.816675 -0.552385 -1.324503 0.935392 0.000098 0.000304 0.000000 0.000000
-0.725730 -0.462661 -1.332133 0.917081 0.000074 0.000181 0.000000 0.000000
-0.480361 -0.310678 -1.346629 0.905637 0.000034 0.000201 0.000000 0.000000
-0.265511 -0.143437 -1.355022 0.886563 0.000041 0.000563 0.000000 0.000000
-0.269173 0.007324 -1.364177 0.872066 0.000072 0.001113 0.000000 0.000000
-0.477920 0.122684 -1.378673 0.854518 0.000059 0.001142 0.000000 0.000000
-0.675069 0.140996 -1.385540 0.840785 0.000048 0.000277 0.000000 0.000000
-0.687277 0.036012 -1.394696 0.823237 0.000034 0.000034 0.000000 0.000000
-0.565203 -0.133671 -1.400800 0.809503 0.000017 0.000097 0.000000 0.000000
-0.487686 -0.269173 -1.410718 0.786615 0.000012 0.000150 0.000000 0.000000
-0.525529 -0.325327 -1.421399 0.772118 0.000017 0.000077 0.000000 0.000000
-0.598163 -0.336924 -1.427503 0.760674 0.000023 0.000032 0.000000 0.000000
-0.600604 -0.345470 -1.435896 0.743889 0.000034 0.000052 0.000000 0.000000
-0.534074 -0.338755 -1.435896 0.727866 0.000038 0.000102 0.000000 0.000000
-0.460219 -0.280770 -1.447340 0.716422 0.000203 0.000604 0.000000 0.000000
-0.399182 -0.194098 -1.455733 0.697348 0.000603 0.001692 0.000000 0.000000
-0.335704 -0.134892 -1.459548 0.681326 0.000317 0.000908 0.000000 0.000000
-0.290536 -0.125736 -1.463362 0.666066 0.000246 0.000825 0.000000 0.000000
-0.302744 -0.142216 -1.467940 0.657674 0.000750 0.003192 0.000000 0.000000
-0.343638 -0.180059 -1.470992 0.643940 0.000522 0.002510 0.000000 0.000000
-0.330821 -0.247200 -1.473281 0.629444 0.000079 0.000465 0.000000 0.000000
-0.252083 -0.353404 -1.478622 0.618763 0.000092 0.000304 0.000000 0.000000
-0.207526 -0.437025 -1.477859 0.605792 0.000045 0.000164 0.000000 0.000000
-0.300302 -0.444350 -1.480148 0.598163 0.000017 0.000043 0.000000 0.000000
-0.490127 -0.374767 -1.479385 0.582904 0.000045 0.000253 0.000000 0.000000
-0.623798 -0.267342 -1.484725 0.575274 0.000103 0.001493 0.000000 0.000000
-0.592669 -0.146489 -1.478622 0.566881 0.000110 0.001802 0.000000 0.000000
-0.447401 -0.015259 -1.476333 0.560015 0.000043 0.000471 0.000000 0.000000
-0.333262 0.111698 -1.472518 0.553148 0.000031 0.000128 0.000000 0.000000
-0.324717 0.195318 -1.477096 0.542466 0.000020 0.000085 0.000000 0.000000
-0.393689 0.193487 -1.471755 0.531785 0.000010 0.000028 0.000000 0.000000
-0.466933 0.133061 -1.467940 0.529496 0.000013 0.000020 0.000000 0.000000
-0.476089 0.076907 -1.464126 0.523392 0.000019 0.000031 0.000000 0.000000
-0.390637 0.088504 -1.459548 0.522629 0.000013 0.000024 0.000000 0.000000
-0.279550 0.125126 -1.453444 0.517289 0.000018 0.000037 0.000000 0.000000
-0.251473 0.109867 -1.447340 0.508133 0.000042 0.000059 0.000000 0.000000
-0.349132 -0.006714 -1.442762 0.501266 0.000050 0.000095 0.000000 0.000000
-0.514542 -0.216681 -1.432844 0.501267 0.000033 0.000067 0.000000 0.000000
-0.634785 -0.419935 -1.425977 0.497452 0.000020 0.000039 0.000000 0.000000
-0.639058 -0.561541 -1.418348 0.493637 0.000018 0.000036 0.000000 0.000000
-0.534684 -0.629292 -1.409955 0.489059 0.000012 0.000023 0.000000 0.000000
-0.407117 -0.650044 -1.402326 0.483718 0.000006 0.000017 0.000000 0.000000
-0.372326 -0.610981 -1.390118 0.479904 0.000007 0.000021 0.000000 0.000000
-0.449843 -0.472427 -1.380962 0.477615 0.000010 0.000030 0.000000 0.000000
-0.547502 -0.243538 -1.374096 0.472274 0.000011 0.000030 0.000000 0.000000
-0.583514 -0.002441 -1.363414 0.467696 0.000016 0.000103 0.000000 0.000000
-0.557878 0.137333 -1.352733 0.464644 0.000046 0.000611 0.000000 0.000000
-0.551775 0.143437 -1.340526 0.462355 0.000067 0.000843 0.000000 0.000000
-0.604877 0.067141 -1.329844 0.457778 0.000059 0.000352 0.000000 0.000000
-0.675680 -0.040284 -1.318400 0.455489 0.000114 0.000262 0.000000 0.000000
-0.712302 -0.140385 -1.303140 0.444807 0.000124 0.000248 0.000000 0.000000
-0.706809 -0.251473 -1.295511 0.439467 0.000095 0.000609 0.000000 0.000000
-0.662252 -0.354625 -1.277200 0.435652 0.000077 0.001341 0.000000 0.000000
-0.606097 -0.405896 -1.268807 0.425733 0.000097 0.001175 0.000000 0.000000
-0.546892 -0.374157 -1.259651 0.417341 0.000101 0.000617 0.000000 0.000000
-0.557268 -0.258187 -1.245155 0.412000 0.000073 0.000321 0.000000 0.000000
-0.620746 -0.109867 -1.232185 0.399792 0.000187 0.001159 0.000000 0.000000
-0.646382 0.033570 -1.219214 0.390637 0.000323 0.001955 0.000000 0.000000
-0.535295 0.142216 -1.201666 0.378430 0.000196 0.001962 0.000000 0.000000
-0.307016 0.201422 -1.192511 0.367748 0.000089 0.001382 0.000000 0.000000
-0.144658 0.214240 -1.184881 0.354015 0.000043 0.000628 0.000000 0.000000
-0.179449 0.183111 -1.169622 0.341044 0.000038 0.000183 0.000000 0.000000
-0.360729 0.098270 -1.163518 0.327311 0.000054 0.000162 0.000000 0.000000
-0.489517 -0.007935 -1.148259 0.311289 0.000096 0.000461 0.000000 0.000000
-0.444960 -0.086062 -1.134526 0.298318 0.000413 0.001548 0.000000 0.000000
-0.289926 -0.114750 -1.123844 0.275430 0.000749 0.002710 0.000000 0.000000
-0.187994 -0.108646 -1.110874 0.254067 0.000700 0.002884 0.000000 0.000000
-0.207526 -0.112918 -1.100192 0.232704 0.001557 0.005316 0.000000 0.000000
-0.292367 -0.125736 -1.086459 0.214392 0.001482 0.006294 0.000000 0.000000
-0.325327 -0.120243 -1.072726 0.190741 0.000478 0.002051 0.000000 0.000000
-0.272225 -0.077517 -1.062807 0.166326 0.000221 0.000457 0.000000 0.000000
-0.173345 -0.018311 -1.053652 0.138859 0.000221 0.000323 0.000000 0.000000
-0.109256 0.034181 -1.041444 0.115207 0.000179 0.000184 0.000000 0.000000
-0.120243 0.072024 -1.026948 0.087741 0.000111 0.000086 0.000000 0.000000
-0.214850 0.091556 -1.013978 0.062563 0.000109 0.000084 0.000000 0.000000
-0.358287 0.104373 -1.007111 0.036622 0.000155 0.000096 0.000000 0.000000
-0.471816 0.087283 -0.994140 0.005341 0.000235 0.000182 0.000000 0.000000
-0.479141 0.046388 -0.982696 -0.021363 0.000284 0.000612 0.000000 0.000000
-0.363781 -0.017090 -0.969726 -0.057222 0.000520 0.001035 0.000000 0.000000
-0.224616 -0.088504 -0.955992 -0.090030 0.000876 0.000769 0.000000 0.000000
-0.181890 -0.143437 -0.945311 -0.112156 0.000947 0.000400 0.000000 0.000000
-0.242317 -0.162969 -0.932340 -0.151830 0.000380 0.000266 0.000000 0.000000
-0.302133 -0.153813 -0.923185 -0.182348 0.000682 0.000251 0.000000 0.000000
-0.260018 -0.104373 -0.907926 -0.210578 0.000893 0.000166 0.000000 0.000000
-0.153203 0.000610 -0.898007 -0.250252 0.000430 0.000057 0.000000 0.000000
-0.122074 0.141606 -0.885800 -0.281533 0.000345 0.000026 0.000000 0.000000
-0.221564 0.279550 -0.868252 -0.316629 0.000257 0.000021 0.000000 0.000000
-0.349742 0.355846 -0.854518 -0.355541 0.000291 0.000141 0.000000 0.000000
-0.358287 0.339976 -0.841548 -0.391400 0.000838 0.001289 0.000000 0.000000
-0.185553 0.219123 -0.831629 -0.424207 0.001526 0.002261 0.000000 0.000000
0.068972 0.013428 -0.814081 -0.461592 0.000930 0.000869 0.000000 0.000000
0.239875 -0.236213 -0.794244 -0.496689 0.000419 0.000207 0.000000 0.000000
0.246590 -0.482192 -0.781274 -0.533311 0.000386 0.000208 0.000000 0.000000
0.108036 -0.673849 -0.769829 -0.568407 0.000205 0.000240 0.000000 0.000000
-0.075686 -0.772729 -0.753807 -0.600452 0.000119 0.000169 0.000000 0.000000
-0.209967 -0.743431 -0.733970 -0.633259 0.000060 0.000106 0.000000 0.000000
-0.245979 -0.582904 -0.720237 -0.670644 0.000061 0.000092 0.000000 0.000000
-0.184942 -0.355235 -0.704978 -0.704978 0.000126 0.000217 0.000000 0.000000
-0.086673 -0.121464 -0.690481 -0.737785 0.000252 0.000480 0.000000 0.000000
-0.067141 0.028687 -0.674459 -0.772881 0.000367 0.000823 0.000000 0.000000
-0.207526 0.087893 -0.654622 -0.805689 0.000272 0.000578 0.000000 0.000000
-0.444349 0.062258 -0.639363 -0.843074 0.000105 0.000110 0.000000 0.000000
-0.612201 -0.005493 -0.619526 -0.870540 0.000048 0.000055 0.000000 0.000000
-0.629292 -0.067141 -0.605029 -0.905637 0.000067 0.000170 0.000000 0.000000
-0.626850 -0.112308 -0.586718 -0.940733 0.000104 0.000272 0.000000 0.000000
-0.772118 -0.121464 -0.563829 -0.968200 0.000147 0.000399 0.000000 0.000000
-1.048006 -0.092166 -0.547044 -1.001007 0.000259 0.000626 0.000000 0.000000
-1.242713 -0.025636 -0.529496 -1.030000 0.000355 0.000643 0.000000 0.000000
-1.193274 0.051881 -0.504318 -1.062807 0.000379 0.000989 0.000000 0.000000
-0.977203 0.122074 -0.490585 -1.093325 0.000621 0.004056 0.000000 0.000000
-0.816675 0.177618 -0.465407 -1.120792 0.000533 0.004695 0.000000 0.000000
-0.824000 0.224006 -0.441755 -1.155125 0.000300 0.001304 0.000000 0.000000
-0.904569 0.255135 -0.424207 -1.184881 0.000209 0.000291 0.000000 0.000000
-0.917386 0.264290 -0.401318 -1.210059 0.000409 0.000366 0.000000 0.000000
-0.839869 0.253914 -0.382244 -1.240577 0.000333 0.000283 0.000000 0.000000
-0.716575 0.244758 -0.359355 -1.271096 0.000065 0.000065 0.000000 0.000000
-0.598773 0.217902 -0.335704 -1.300088 0.000042 0.000065 0.000000 0.000000
-0.493789 0.170904 -0.312052 -1.329081 0.000050 0.000078 0.000000 0.000000
-0.415052 0.096438 -0.289163 -1.356548 0.000056 0.000052 0.000000 0.000000
-0.340587 -0.023194 -0.260933 -1.380962 0.000075 0.000046 0.000000 0.000000
-0.237434 -0.187994 -0.239570 -1.416059 0.000181 0.000078 0.000000 0.000000
-0.083010 -0.378430 -0.215155 -1.439711 0.000214 0.000081 0.000000 0.000000
0.084841 -0.534074 -0.193030 -1.466414 0.000278 0.000110 0.000000 0.000000
0.190435 -0.583514 -0.168615 -1.492355 0.000428 0.000138 0.000000 0.000000
0.172124 -0.541398 -0.148015 -1.520585 0.000690 0.000088 0.000000 0.000000
0.098880 -0.468154 -0.115207 -1.544236 0.000783 0.000068 0.000000 0.000000
0.046998 -0.422376 -0.096896 -1.573229 0.000296 0.000053 0.000000 0.000000
0.041505 -0.408338 -0.070193 -1.598407 0.000172 0.000078 0.000000 0.000000
0.021363 -0.429701 -0.047304 -1.629688 0.000396 0.000263 0.000000 0.000000
-0.060427 -0.472427 -0.023652 -1.650288 0.000843 0.000405 0.000000 0.000000
-0.198981 -0.502335 0.003052 -1.677755 0.000602 0.000266 0.000000 0.000000
-0.331431 -0.521867 0.029756 -1.705222 0.000421 0.000230 0.000000 0.000000
-0.405896 -0.508438 0.055696 -1.730399 0.000270 0.000123 0.000000 0.000000
-0.373547 -0.507828 0.082400 -1.756340 0.000135 0.000038 0.000000 0.000000
-0.247810 -0.541398 0.108341 -1.779992 0.000108 0.000019 0.000000 0.000000
-0.117801 -0.596942 0.133518 -1.808222 0.000101 0.000021 0.000000 0.000000
-0.090335 -0.618305 0.153356 -1.831110 0.000102 0.000042 0.000000 0.000000
-0.222175 -0.541398 0.174718 -1.860866 0.000166 0.000065 0.000000 0.000000
-0.439467 -0.396130 0.208289 -1.879940 0.000338 0.000096 0.000000 0.000000
-0.630512 -0.248421 0.233467 -1.904355 0.001376 0.000253 0.000000 0.000000
-0.717185 -0.122074 0.257881 -1.932584 0.003658 0.000506 0.000000 0.000000
-0.706198 0.022584 0.283059 -1.953948 0.003483 0.000599 0.000000 0.000000
-0.659200 0.184942 0.305948 -1.979125 0.001668 0.000491 0.000000 0.000000
-0.657979 0.313120 0.330363 -2.002777 0.001027 0.000358 0.000000 0.000000
-0.706809 0.355846 0.352489 -2.030244 0.000658 0.000195 0.000000 0.000000
-0.743431 0.325938 0.374615 -2.051607 0.000522 0.000126 0.000000 0.000000
-0.691549 0.286264 0.400555 -2.078310 0.000676 0.000146 0.000000 0.000000
-0.532243 0.292367 0.424207 -2.101199 0.000488 0.000113 0.000000 0.000000
-0.357677 0.349742 0.444807 -2.132481 0.000163 0.000056 0.000000 0.000000
-0.256966 0.414441 0.467696 -2.152318 0.000109 0.000021 0.000000 0.000000
-0.262459 0.469985 0.491348 -2.177495 0.000113 0.000024 0.000000 0.000000
-0.280770 0.520035 0.514237 -2.205725 0.000115 0.000050 0.000000 0.000000
-0.216681 0.540788 0.537889 -2.233955 0.000259 0.000062 0.000000 0.000000
-0.067751 0.497452 0.556963 -2.256081 0.000283 0.000036 0.000000 0.000000
0.053713 0.355846 0.580615 -2.287362 0.000156 0.000024 0.000000 0.000000
0.041505 0.169683 0.603503 -2.312540 0.000080 0.000039 0.000000 0.000000
-0.097049 -0.020142 0.623341 -2.336955 0.000101 0.000048 0.000000 0.000000
-0.239265 -0.189825 0.642415 -2.367473 0.000111 0.000039 0.000000 0.000000
-0.277718 -0.348521 0.656148 -2.394940 0.000115 0.000051 0.000000 0.000000
-0.210578 -0.513932 0.679800 -2.423170 0.000108 0.000044 0.000000 0.000000
-0.114750 -0.638447 0.699637 -2.449873 0.000100 0.000027 0.000000 0.000000
-0.040284 -0.672018 0.716422 -2.481155 0.000232 0.000045 0.000000 0.000000
-0.006104 -0.607929 0.736259 -2.507096 0.000524 0.000110 0.000000 0.000000
-0.042726 -0.510880 0.756096 -2.539902 0.000569 0.000088 0.000000 0.000000
-0.144047 -0.438246 0.768303 -2.568896 0.000489 0.000041 0.000000 0.000000
-0.276498 -0.390637 0.791192 -2.596362 0.000312 0.000034 0.000000 0.000000
-0.357067 -0.328379 0.807977 -2.620777 0.000179 0.000031 0.000000 0.000000
-0.324107 -0.253304 0.821711 -2.653584 0.000158 0.000019 0.000000 0.000000
-0.233772 -0.207526 0.836207 -2.681051 0.000125 0.000013 0.000000 0.000000
-0.193487 -0.208136 0.849940 -2.713858 0.000068 0.000029 0.000000 0.000000
-0.264290 -0.232551 0.864437 -2.745902 0.000062 0.000035 0.000000 0.000000
-0.337535 -0.255135 0.879696 -2.770318 0.000261 0.000049 0.000000 0.000000
-0.279550 -0.271615 0.891903 -2.809992 0.000348 0.000082 0.000000 0.000000
-0.106204 -0.300912 0.903348 -2.837458 0.000269 0.000079 0.000000 0.000000
0.042726 -0.324717 0.920133 -2.865688 0.000202 0.000052 0.000000 0.000000
0.070803 -0.304575 0.928526 -2.898496 0.000195 0.000052 0.000000 0.000000
0.000610 -0.244148 0.938444 -2.922910 0.000178 0.000109 0.000000 0.000000
-0.067751 -0.142827 0.949888 -2.955717 0.000123 0.000180 0.000000 0.000000
-0.093997 -0.061647 0.961333 -2.982421 0.000101 0.000169 0.000000 0.000000
-0.089724 -0.012207 0.967437 -3.014466 0.000121 0.000165 0.000000 0.000000
-0.081179 0.017090 0.978881 -3.037354 0.000075 0.000102 0.000000 0.000000
-0.087283 0.024415 0.989563 -3.069399 0.000033 0.000062 0.000000 0.000000
-0.135502 -0.009156 0.999481 -3.098391 0.000037 0.000093 0.000000 0.000000
-0.261849 -0.066530 1.004822 -3.118991 0.000123 0.000153 0.000000 0.000000
-0.413831 -0.134281 1.010163 -3.148747 0.000157 0.000129 0.000000 0.000000
-0.480361 -0.147710 1.019318 -3.179266 0.000073 0.000092 0.000000 0.000000
-0.412610 -0.087893 1.022370 -3.202917 0.000042 0.000129 0.000000 0.000000
-0.272835 0.009156 1.023896 -3.231147 0.000090 0.000172 0.000000 0.000000
-0.170904 0.087893 1.032289 -3.252510 0.000065 0.000082 0.000000 0.000000
-0.169073 0.115360 1.028474 -3.276925 0.000060 0.000049 0.000000 0.000000
-0.224006 0.066530 1.036866 -3.300576 0.000103 0.000196 0.000000 0.000000
-0.261238 -0.032960 1.037629 -3.320414 0.000114 0.000262 0.000000 0.000000
-0.262459 -0.159917 1.035340 -3.344828 0.000053 0.000078 0.000000 0.000000
-0.256355 -0.298471 1.036866 -3.366954 0.000023 0.000014 0.000000 0.000000
-0.276498 -0.462050 1.036866 -3.392133 0.000020 0.000018 0.000000 0.000000
-0.332041 -0.640889 1.041444 -3.410444 0.000024 0.000014 0.000000 0.000000
-0.368053 -0.803858 1.039155 -3.434095 0.000015 0.000005 0.000000 0.000000
-0.332652 -0.883206 1.031526 -3.453169 0.000012 0.000011 0.000000 0.000000
-0.205695 -0.874660 1.037629 -3.469954 0.000023 0.000023 0.000000 0.000000
-0.051271 -0.813623 1.035340 -3.491317 0.000034 0.000016 0.000000 0.000000
0.026856 -0.714133 1.030763 -3.511154 0.000030 0.000008 0.000000 0.000000
0.005493 -0.590228 1.029237 -3.525651 0.000043 0.000010 0.000000 0.000000
-0.042116 -0.435194 1.024659 -3.543962 0.000134 0.000020 0.000000 0.000000
-0.007324 -0.277108 1.021607 -3.556932 0.000161 0.000027 0.000000 0.000000
0.097049 -0.181890 1.014740 -3.579821 0.000129 0.000022 0.000000 0.000000
0.160527 -0.157476 1.010163 -3.590503 0.000131 0.000014 0.000000 0.000000
0.145878 -0.139775 1.007111 -3.606525 0.000094 0.000009 0.000000 0.000000
0.112308 -0.095828 1.008637 -3.622547 0.000056 0.000011 0.000000 0.000000
0.112308 -0.054323 1.000244 -3.641621 0.000044 0.000023 0.000000 0.000000
0.146489 -0.076907 0.994903 -3.654592 0.000049 0.000022 0.000000 0.000000
0.149541 -0.186163 0.985748 -3.672902 0.000052 0.000010 0.000000 0.000000
0.109867 -0.308847 0.980407 -3.688925 0.000040 0.000007 0.000000 0.000000
0.092776 -0.333262 0.974303 -3.702658 0.000021 0.000005 0.000000 0.000000
0.148930 -0.256355 0.970489 -3.717917 0.000032 0.000004 0.000000 0.000000
0.223395 -0.125126 0.959807 -3.731651 0.000125 0.000006 0.000000 0.000000
0.233161 -0.012207 0.958281 -3.743858 0.000231 0.000012 0.000000 0.000000
0.188604 0.046388 0.948363 -3.763695 0.000178 0.000009 0.000000 0.000000
0.117801 0.054933 0.940733 -3.781243 0.000262 0.000008 0.000000 0.000000
0.037843 0.051271 0.935392 -3.794213 0.000406 0.000011 0.000000 0.000000
-0.108646 0.036012 0.924711 -3.817865 0.000205 0.000008 0.000000 0.000000
-0.341197 0.045778 0.919370 -3.833125 0.000079 0.000006 0.000000 0.000000
-0.560930 0.092776 0.908688 -3.849148 0.000165 0.000008 0.000000 0.000000
-0.639668 0.168462 0.904111 -3.868221 0.000192 0.000009 0.000000 0.000000
-0.555437 0.239265 0.896481 -3.882717 0.000104 0.000008 0.000000 0.000000
-0.421766 0.289926 0.890377 -3.902554 0.000115 0.000012 0.000000 0.000000
-0.349132 0.294809 0.885800 -3.918576 0.000255 0.000012 0.000000 0.000000
-0.355846 0.247200 0.874355 -3.940702 0.000212 0.000010 0.000000 0.000000
-0.388806 0.203864 0.872829 -3.955962 0.000124 0.000008 0.000000 0.000000
-0.421155 0.187384 0.865200 -3.978088 0.000327 0.000007 0.000000 0.000000
-0.466323 0.198981 0.854518 -4.004028 0.000521 0.000005 0.000000 0.000000
-0.524308 0.188604 0.849177 -4.020813 0.000735 0.000005 0.000000 0.000000
-0.556047 0.118412 0.846889 -4.045228 0.000693 0.000005 0.000000 0.000000
-0.542009 0.004883 0.836207 -4.069643 0.001296 0.000010 0.000000 0.000000
-0.477309 -0.111087 0.831629 -4.091769 0.001966 0.000014 0.000000 0.000000
-0.354625 -0.200201 0.827051 -4.117710 0.001025 0.000011 0.000000 0.000000
-0.186773 -0.272225 0.816370 -4.137547 0.000729 0.000025 0.000000 0.000000
-0.025025 -0.333262 0.814081 -4.165776 0.001258 0.000046 0.000000 0.000000
0.050050 -0.343638 0.810266 -4.190191 0.000775 0.000032 0.000000 0.000000
0.017701 -0.285653 0.803400 -4.218421 0.000405 0.000010 0.000000 0.000000
-0.022584 -0.156865 0.797296 -4.246650 0.000127 0.000006 0.000000 0.000000
0.040284 -0.008545 0.791192 -4.276406 0.000189 0.000006 0.000000 0.000000
0.195318 0.111698 0.786615 -4.300821 0.000171 0.000003 0.000000 0.000000
0.357677 0.188604 0.782037 -4.330576 0.000130 0.000004 0.000000 0.000000
0.446181 0.238044 0.780511 -4.360332 0.000107 0.000005 0.000000 0.000000
0.478530 0.207526 0.771355 -4.392377 0.000028 0.000004 0.000000 0.000000
0.489517 0.072024 0.771355 -4.418317 0.000020 0.000003 0.000000 0.000000
0.471206 -0.132450 0.766015 -4.449599 0.000038 0.000003 0.000000 0.000000
0.370495 -0.333872 0.760674 -4.480880 0.000044 0.000004 0.000000 0.000000
0.216071 -0.469375 0.754570 -4.508346 0.000063 0.000007 0.000000 0.000000
0.072024 -0.523087 0.754570 -4.542680 0.000103 0.000009 0.000000 0.000000
0.012207 -0.526139 0.746941 -4.573199 0.000040 0.000009 0.000000 0.000000
0.024415 -0.485244 0.749229 -4.603717 0.000016 0.000009 0.000000 0.000000
0.062868 -0.391247 0.745415 -4.631184 0.000036 0.000010 0.000000 0.000000
0.106815 -0.264901 0.740074 -4.659413 0.000048 0.000011 0.000000 0.000000
0.136113 -0.134892 0.737785 -4.692221 0.000025 0.000009 0.000000 0.000000
0.126347 -0.051271 0.737785 -4.725028 0.000011 0.000005 0.000000 0.000000
0.004273 -0.028687 0.737785 -4.755546 0.000009 0.000003 0.000000 0.000000
-0.202033 -0.040895 0.733207 -4.784540 0.000018 0.000004 0.000000 0.000000
-0.433363 -0.065920 0.733207 -4.812769 0.000014 0.000008 0.000000 0.000000
-0.603046 -0.084841 0.727103 -4.842525 0.000008 0.000008 0.000000 0.000000
-0.695822 -0.102542 0.728629 -4.868465 0.000009 0.000007 0.000000 0.000000
-0.749535 -0.126347 0.727103 -4.898220 0.000009 0.000005 0.000000 0.000000
-0.772118 -0.167241 0.727103 -4.925687 0.000008 0.000007 0.000000 0.000000
-0.730003 -0.179449 0.728629 -4.949339 0.000012 0.000009 0.000000 0.000000
-0.574969 -0.169683 0.732444 -4.979095 0.000015 0.000009 0.000000 0.000000
-0.336924 -0.136723 0.728629 -4.998932 0.000017 0.000006 0.000000 0.000000
-0.089724 -0.096438 0.729392 -5.025636 0.000034 0.000005 0.000000 0.000000
0.064089 -0.074465 0.727866 -5.050050 0.000038 0.000008 0.000000 0.000000
0.122074 -0.064699 0.733970 -5.072176 0.000016 0.000012 0.000000 0.000000
0.137944 -0.050050 0.730155 -5.089724 0.000006 0.000010 0.000000 0.000000
0.140385 -0.021363 0.733970 -5.111850 0.000007 0.000006 0.000000 0.000000
0.119633 0.016480 0.734733 -5.131687 0.000007 0.000010 0.000000 0.000000
0.093387 0.026856 0.741600 -5.148472 0.000009 0.000010 0.000000 0.000000
0.113529 -0.020142 0.741600 -5.164495 0.000016 0.000010 0.000000 0.000000
0.209357 -0.112918 0.746177 -5.181280 0.000024 0.000013 0.000000 0.000000
0.333262 -0.209357 0.746178 -5.195776 0.000018 0.000009 0.000000 0.000000
0.432142 -0.249641 0.750755 -5.209509 0.000007 0.000007 0.000000 0.000000
0.502335 -0.244758 0.753044 -5.221716 0.000004 0.000009 0.000000 0.000000
0.609760 -0.207526 0.757622 -5.224768 0.000023 0.000012 0.000000 0.000000
0.757469 -0.180059 0.764489 -5.237739 0.000110 0.000052 0.000000 0.000000
0.885647 -0.141606 0.768303 -5.243080 0.000148 0.000083 0.000000 0.000000
0.911283 -0.093387 0.772881 -5.249946 0.000054 0.000032 0.000000 0.000000
0.813623 -0.054933 0.775170 -5.250709 0.000012 0.000007 0.000000 0.000000
0.630512 -0.046388 0.779748 -5.247657 0.000006 0.000008 0.000000 0.000000
0.420545 -0.093387 0.789666 -5.246894 0.000010 0.000011 0.000000 0.000000
0.234993 -0.184332 0.787377 -5.246894 0.000011 0.000008 0.000000 0.000000
0.117191 -0.295419 0.797296 -5.240791 0.000008 0.000007 0.000000 0.000000
0.067141 -0.414441 0.804926 -5.236975 0.000008 0.000005 0.000000 0.000000
0.068361 -0.524308 0.811029 -5.227057 0.000017 0.000007 0.000000 0.000000
0.071413 -0.594500 0.815607 -5.214087 0.000028 0.000006 0.000000 0.000000
0.054933 -0.560320 0.822474 -5.204168 0.000013 0.000005 0.000000 0.000000
0.061037 -0.426038 0.830103 -5.186621 0.000004 0.000006 0.000000 0.000000
0.112308 -0.224006 0.839259 -5.166784 0.000006 0.000005 0.000000 0.000000
0.147710 -0.016480 0.843837 -5.149998 0.000004 0.000004 0.000000 0.000000
0.066530 0.150761 0.852229 -5.126347 0.000005 0.000004 0.000000 0.000000
-0.142827 0.255135 0.859859 -5.110324 0.000009 0.000004 0.000000 0.000000
-0.344859 0.314341 0.859096 -5.082858 0.000011 0.000004 0.000000 0.000000
-0.427259 0.322275 0.874355 -5.054628 0.000013 0.000005 0.000000 0.000000
-0.384533 0.303964 0.879696 -5.024109 0.000012 0.000005 0.000000 0.000000
-0.337535 0.269173 0.883511 -4.992828 0.000013 0.000006 0.000000 0.000000
-0.330821 0.232551 0.891903 -4.960783 0.000019 0.000009 0.000000 0.000000
-0.315561 0.194708 0.901059 -4.925688 0.000013 0.000008 0.000000 0.000000
-0.199591 0.141606 0.901059 -4.892117 0.000012 0.000010 0.000000 0.000000
-0.010376 0.086673 0.907925 -4.853968 0.000012 0.000009 0.000000 0.000000
0.156255 0.021973 0.917081 -4.809717 0.000008 0.000007 0.000000 0.000000
0.255745 -0.053102 0.920133 -4.770043 0.000010 0.000009 0.000000 0.000000
0.318003 -0.118412 0.917844 -4.733421 0.000010 0.000007 0.000000 0.000000
0.397351 -0.147710 0.929289 -4.684591 0.000019 0.000005 0.000000 0.000000
0.489517 -0.131230 0.930052 -4.644917 0.000039 0.000013 0.000000 0.000000
0.528581 -0.085452 0.935392 -4.596087 0.000083 0.000023 0.000000 0.000000
0.531022 -0.047609 0.939207 -4.548784 0.000103 0.000024 0.000000 0.000000
0.545671 -0.034791 0.943022 -4.499191 0.000075 0.000030 0.000000 0.000000
0.585345 -0.040284 0.943022 -4.448073 0.000047 0.000028 0.000000 0.000000
0.605487 -0.064089 0.946837 -4.400769 0.000065 0.000041 0.000000 0.000000
0.537736 -0.120853 0.947600 -4.354228 0.000079 0.000050 0.000000 0.000000
0.413221 -0.225837 0.948363 -4.297769 0.000064 0.000046 0.000000 0.000000
0.338145 -0.325938 0.943785 -4.246650 0.000037 0.000049 0.000000 0.000000
0.375378 -0.362560 0.950651 -4.194769 0.000029 0.000063 0.000000 0.000000
0.450453 -0.303354 0.947600 -4.142124 0.000049 0.000059 0.000000 0.000000
0.452895 -0.172735 0.952177 -4.091006 0.000052 0.000034 0.000000 0.000000
0.333872 -0.049440 0.947600 -4.042939 0.000049 0.000030 0.000000 0.000000
0.128788 0.047609 0.946837 -3.988769 0.000034 0.000028 0.000000 0.000000
-0.092776 0.153203 0.944548 -3.935361 0.000027 0.000027 0.000000 0.000000
-0.265511 0.288705 0.944548 -3.881191 0.000019 0.000018 0.000000 0.000000
-0.348521 0.404065 0.940733 -3.827784 0.000013 0.000010 0.000000 0.000000
-0.347301 0.433973 0.938444 -3.775903 0.000018 0.000016 0.000000 0.000000
-0.307016 0.383923 0.933103 -3.719443 0.000024 0.000026 0.000000 0.000000
-0.253914 0.307627 0.929289 -3.670614 0.000027 0.000027 0.000000 0.000000
-0.192877 0.224616 0.924711 -3.617969 0.000022 0.000024 0.000000 0.000000
-0.109867 0.128178 0.926237 -3.562273 0.000022 0.000022 0.000000 0.000000
-0.017090 -0.009156 0.916318 -3.512680 0.000016 0.000014 0.000000 0.000000
0.055544 -0.131230 0.910977 -3.456984 0.000012 0.000009 0.000000 0.000000
0.104373 -0.191046 0.907926 -3.405865 0.000015 0.000009 0.000000 0.000000
0.136113 -0.180059 0.898007 -3.354747 0.000019 0.000005 0.000000 0.000000
0.162969 -0.133061 0.898770 -3.296762 0.000015 0.000004 0.000000 0.000000
0.184332 -0.087283 0.890378 -3.248695 0.000009 0.000003 0.000000 0.000000
0.234993 -0.013428 0.885800 -3.194525 0.000010 0.000002 0.000000 0.000000
0.327769 0.086673 0.880459 -3.141880 0.000012 0.000004 0.000000 0.000000
0.434584 0.152593 0.874355 -3.083133 0.000019 0.000003 0.000000 0.000000
0.488296 0.134281 0.866726 -3.032014 0.000037 0.000005 0.000000 0.000000
0.421766 0.056154 0.864437 -2.981658 0.000029 0.000007 0.000000 0.000000
0.291147 -0.012818 0.856807 -2.929777 0.000017 0.000006 0.000000 0.000000
0.223395 -0.043947 0.845363 -2.874844 0.000033 0.000004 0.000000 0.000000
0.286264 -0.035401 0.840022 -2.820673 0.000037 0.000004 0.000000 0.000000
0.404675 -0.043947 0.834681 -2.767265 0.000019 0.000003 0.000000 0.000000
0.444350 -0.071413 0.829340 -2.712333 0.000021 0.000003 0.000000 0.000000
0.386364 -0.072024 0.821711 -2.655873 0.000023 0.000003 0.000000 0.000000
0.325327 -0.034181 0.823237 -2.597888 0.000018 0.000002 0.000000 0.000000
0.330821 0.031739 0.814844 -2.541429 0.000013 0.000002 0.000000 0.000000
0.356456 0.027467 0.811792 -2.488021 0.000015 0.000003 0.000000 0.000000
0.314951 -0.046999 0.801874 -2.429273 0.000021 0.000003 0.000000 0.000000
0.196539 -0.134281 0.796533 -2.371288 0.000018 0.000003 0.000000 0.000000
0.075686 -0.205695 0.791192 -2.314066 0.000017 0.000003 0.000000 0.000000
0.016480 -0.263070 0.784326 -2.253792 0.000026 0.000003 0.000000 0.000000
-0.000000 -0.349132 0.782800 -2.195044 0.000016 0.000002 0.000000 0.000000
-0.010987 -0.460219 0.775170 -2.134769 0.000008 0.000001 0.000000 0.000000
-0.015870 -0.556047 0.769066 -2.073733 0.000008 0.000001 0.000000 0.000000
0.055544 -0.556047 0.769066 -2.012696 0.000009 0.000001 0.000000 0.000000
0.206305 -0.468154 0.762963 -1.951658 0.000008 0.000001 0.000000 0.000000
0.326548 -0.325327 0.762200 -1.882229 0.000012 0.000001 0.000000 0.000000
0.333872 -0.174566 0.758385 -1.819666 0.000014 0.000002 0.000000 0.000000
0.241707 -0.001221 0.757622 -1.755577 0.000014 0.000003 0.000000 0.000000
0.155644 0.161748 0.749992 -1.686911 0.000011 0.000002 0.000000 0.000000
0.172124 0.249031 0.746940 -1.619007 0.000006 0.000001 0.000000 0.000000
0.250252 0.231330 0.744652 -1.551866 0.000005 0.000001 0.000000 0.000000
0.339366 0.131230 0.743889 -1.483199 0.000004 0.000001 0.000000 0.000000
0.397961 -0.017090 0.737785 -1.414533 0.000006 0.000001 0.000000 0.000000
0.433973 -0.168462 0.734733 -1.341288 0.000006 0.000000 0.000000 0.000000
0.465712 -0.273446 0.738548 -1.269570 0.000005 0.000001 0.000000 0.000000
0.501114 -0.327158 0.731681 -1.197851 0.000004 0.000001 0.000000 0.000000
0.557878 -0.322886 0.730918 -1.122318 0.000004 0.000000 0.000000 0.000000
0.633564 -0.289315 0.732444 -1.042970 0.000005 0.000001 0.000000 0.000000
0.728782 -0.234382 0.728629 -0.975829 0.000006 0.000001 0.000000 0.000000
0.801416 -0.179449 0.728629 -0.894955 0.000006 0.000002 0.000000 0.000000
0.811792 -0.127567 0.730155 -0.818659 0.000009 0.000002 0.000000 0.000000
0.728172 -0.097049 0.727103 -0.739311 0.000012 0.000002 0.000000 0.000000
0.563372 -0.085452 0.730155 -0.661489 0.000009 0.000001 0.000000 0.000000
0.350963 -0.112308 0.733207 -0.580615 0.000004 0.000001 0.000000 0.000000
0.141606 -0.148320 0.728629 -0.501266 0.000002 0.000000 0.000000 0.000000
-0.001831 -0.173956 0.730155 -0.420392 0.000003 0.000001 0.000000 0.000000
-0.039674 -0.160527 0.733207 -0.343333 0.000003 0.000001 0.000000 0.000000
0.037233 -0.083621 0.733970 -0.260170 0.000002 0.000001 0.000000 0.000000
0.198370 0.024415 0.736259 -0.173955 0.000002 0.000001 0.000000 0.000000
0.391858 0.100711 0.737785 -0.092318 0.000001 0.000001 0.000000 0.000000
0.521866 0.098270 0.742363 -0.009156 0.000001 0.000000 0.000000 0.000000
0.556047 0.034181 0.746178 0.068667 0.000001 0.000000 0.000000 0.000000
0.508438 -0.036012 0.749229 0.153356 0.000001 0.000000 0.000000 0.000000
0.422376 -0.087283 0.749992 0.237281 0.000001 0.000000 0.000000 0.000000
0.349132 -0.131840 0.754570 0.320444 0.000001 0.000000 0.000000 0.000000
0.311289 -0.206915 0.751518 0.406659 0.000001 0.000000 0.000000 0.000000
0.292367 -0.302744 0.760674 0.486770 0.000000 0.000000 0.000000 0.000000
0.262459 -0.357066 0.763726 0.568407 0.000000 0.000000 0.000000 0.000000
0.224616 -0.313730 0.763726 0.650044 0.000001 0.000000 0.000000 0.000000
0.230110 -0.170904 0.773644 0.733970 0.000001 0.000000 0.000000 0.000000
0.318613 -0.013428 0.773644 0.814081 0.000001 0.000000 0.000000 0.000000
0.472426 0.099490 0.780511 0.900296 0.000002 0.000000 0.000000 0.000000
0.624409 0.170904 0.779748 0.981933 0.000001 0.000000 0.000000 0.000000
0.748924 0.236824 0.785852 1.058992 0.000000 0.000000 0.000000 0.000000
0.829493 0.299081 0.790429 1.143681 0.000000 0.000000 0.000000 0.000000
0.827662 0.296030 0.796533 1.227607 0.000000 0.000000 0.000000 0.000000
0.721458 0.213019 0.800348 1.307718 0.000001 0.000000 0.000000 0.000000
0.579852 0.096438 0.801874 1.387066 0.000001 0.000000 0.000000 0.000000
0.509049 0.028077 0.809503 1.464888 0.000000 0.000000 0.000000 0.000000
0.542009 0.039064 0.816370 1.547288 0.000000 0.000000 0.000000 0.000000
0.581683 0.072634 0.818659 1.628162 0.000000 0.000000 0.000000 0.000000
0.538957 0.079958 0.826289 1.706747 0.000000 0.000000 0.000000 0.000000
0.448012 0.044557 0.827052 1.779992 0.000000 0.000000 0.000000 0.000000
0.435194 -0.023194 0.835444 1.858577 0.000000 0.000000 0.000000 0.000000
0.569475 -0.083010 0.840785 1.931822 0.000000 0.000000 0.000000 0.000000
0.744041 -0.160527 0.840022 2.007355 0.000000 0.000000 0.000000 0.000000
0.809961 -0.241707 0.849940 2.079837 0.000000 0.000000 0.000000 0.000000
0.732444 -0.318613 0.850703 2.153081 0.000000 0.000000 0.000000 0.000000
0.601825 -0.345470 0.862148 2.229377 0.000000 0.000000 0.000000 0.000000
0.497452 -0.314951 0.864437 2.301095 0.000000 0.000000 0.000000 0.000000
0.397351 -0.240486 0.870540 2.368236 0.000000 0.000000 0.000000 0.000000
0.258187 -0.148930 0.876644 2.436903 0.000000 0.000000 0.000000 0.000000
0.120853 -0.030519 0.882748 2.506333 0.000000 0.000000 0.000000 0.000000
0.064699 0.083621 0.885037 2.575762 0.000000 0.000000 0.000000 0.000000
0.104373 0.148930 0.892666 2.638325 0.000000 0.000000 0.000000 0.000000
0.160527 0.128788 0.894955 2.706992 0.000000 0.000000 0.000000 0.000000
0.176397 0.013428 0.898007 2.769554 0.000000 0.000000 0.000000 0.000000
0.195318 -0.122684 0.900296 2.832118 0.000000 0.000000 0.000000 0.000000
0.282601 -0.200812 0.905637 2.895443 0.000000 0.000000 0.000000 0.000000
0.432142 -0.198981 0.909452 2.958006 0.000000 0.000000 0.000000 0.000000
0.557268 -0.177618 0.915555 3.019806 0.000000 0.000000 0.000000 0.000000
0.577410 -0.153203 0.917081 3.076265 0.000000 0.000000 0.000000 0.000000
0.531022 -0.122684 0.920133 3.134251 0.000000 0.000000 0.000000 0.000000
0.520646 -0.088504 0.929289 3.189184 0.000000 0.000000 0.000000 0.000000
0.565203 -0.096438 0.930052 3.246406 0.000000 0.000000 0.000000 0.000000
0.587786 -0.177007 0.930815 3.298288 0.000000 0.000000 0.000000 0.000000
0.507828 -0.298471 0.930814 3.347117 0.000000 0.000000 0.000000 0.000000
0.382702 -0.355846 0.935392 3.399762 0.000000 0.000000 0.000000 0.000000
0.323496 -0.288705 0.936155 3.446302 0.000000 0.000000 0.000000 0.000000
0.368664 -0.121464 0.942259 3.492080 0.000000 0.000000 0.000000 0.000000
0.457167 0.054933 0.939970 3.537095 0.000000 0.000000 0.000000 0.000000
0.502335 0.171514 0.941496 3.586688 0.000000 0.000000 0.000000 0.000000
0.524918 0.257576 0.946837 3.618732 0.000000 0.000000 0.000000 0.000000
0.589618 0.329600 0.946837 3.663746 0.000000 0.000000 0.000000 0.000000
0.679952 0.380871 0.943785 3.700369 0.000000 0.000000 0.000000 0.000000
0.736717 0.332652 0.949889 3.737754 0.000000 0.000000 0.000000 0.000000
0.714133 0.192267 0.949126 3.769036 0.000000 0.000000 0.000000 0.000000
0.651265 0.017090 0.951415 3.801080 0.000000 0.000000 0.000000 0.000000
0.593890 -0.125736 0.950652 3.830835 0.000000 0.000000 0.000000 0.000000
0.527360 -0.224616 0.953703 3.859828 0.000000 0.000000 0.000000 0.000000
0.432752 -0.286874 0.949888 3.883480 0.000000 0.000000 0.000000 0.000000
0.363781 -0.331431 0.947600 3.904843 0.000000 0.000000 0.000000 0.000000
0.403455 -0.325327 0.953703 3.930784 0.000000 0.000000 0.000000 0.000000
0.552385 -0.263070 0.948363 3.949095 0.000000 0.000000 0.000000 0.000000
0.704977 -0.151982 0.946837 3.962829 0.000000 0.000000 0.000000 0.000000
0.780053 -0.042726 0.944548 3.981902 0.000000 0.000000 0.000000 0.000000
0.783105 0.054323 0.947600 3.997161 0.000000 0.000000 0.000000 0.000000
0.773949 0.116581 0.947600 4.008606 0.000000 0.000000 0.000000 0.000000
0.752586 0.122684 0.944548 4.019287 0.000000 0.000000 0.000000 0.000000
0.648824 0.097049 0.941496 4.029206 0.000000 0.000000 0.000000 0.000000
0.395520 0.063479 0.942259 4.030732 0.000000 0.000000 0.000000 0.000000
0.069582 0.067751 0.942259 4.036835 0.000000 0.000000 0.000000 0.000000
-0.146489 0.133061 0.939207 4.036836 0.000000 0.000000 0.000000 0.000000
-0.149541 0.203864 0.939970 4.039887 0.000000 0.000000 0.000000 0.000000
-0.005493 0.237434 0.935392 4.036835 0.000000 0.000000 0.000000 0.000000
0.139164 0.211188 0.930814 4.036072 0.000000 0.000000 0.000000 0.000000
0.210578 0.178838 0.931578 4.029206 0.000000 0.000000 0.000000 0.000000
0.216071 0.160527 0.929289 4.024628 0.000000 0.000000 0.000000 0.000000
0.217292 0.124516 0.920133 4.011658 0.000000 0.000000 0.000000 0.000000
0.237434 0.053713 0.920133 4.003266 0.000000 0.000000 0.000000 0.000000
0.274056 -0.036012 0.916318 3.994110 0.000000 0.000000 0.000000 0.000000
0.302744 -0.082400 0.910977 3.983428 0.000000 0.000000 0.000000 0.000000
0.328379 -0.056154 0.910214 3.962828 0.000000 0.000000 0.000000 0.000000
0.342418 0.009156 0.907925 3.946806 0.000000 0.000000 0.000000 0.000000
0.341807 0.042116 0.904874 3.926969 0.000000 0.000000 0.000000 0.000000
0.366832 0.001831 0.896481 3.910947 0.000000 0.000000 0.000000 0.000000
0.463271 -0.082400 0.897244 3.889584 0.000000 0.000000 0.000000 0.000000
0.594500 -0.194708 0.892666 3.874325 0.000000 0.000000 0.000000 0.000000
0.653707 -0.324717 0.891140 3.850673 0.000000 0.000000 0.000000 0.000000
0.581683 -0.467544 0.883511 3.826258 0.000000 0.000000 0.000000 0.000000
0.446181 -0.573137 0.878933 3.803369 0.000000 0.000000 0.000000 0.000000
0.393689 -0.593280 0.875881 3.777429 0.000000 0.000000 0.000000 0.000000
0.526749 -0.510880 0.872066 3.750724 0.000000 0.000000 0.000000 0.000000
0.766015 -0.355235 0.869778 3.724021 0.000000 0.000000 0.000000 0.000000
0.927763 -0.228889 0.865963 3.695028 0.000000 0.000000 0.000000 0.000000
0.915555 -0.177007 0.860622 3.671377 0.000000 0.000000 0.000000 0.000000
0.784936 -0.161748 0.858333 3.642384 0.000000 0.000000 0.000000 0.000000
0.679342 -0.151982 0.852229 3.606525 0.000000 0.000000 0.000000 0.000000
0.690329 -0.133671 0.843837 3.578295 0.000000 0.000000 0.000000 0.000000
0.805689 -0.141606 0.846126 3.546250 0.000000 0.000000 0.000000 0.000000
0.911893 -0.185553 0.837733 3.520310 0.000000 0.000000 0.000000 0.000000
0.904569 -0.210578 0.833155 3.486740 0.000000 0.000000 0.000000 0.000000
0.768456 -0.146489 0.827815 3.456984 0.000000 0.000000 0.000000 0.000000
0.592669 -0.016480 0.824000 3.427228 0.000000 0.000000 0.000000 0.000000
0.469985 0.136723 0.818659 3.395947 0.000000 0.000000 0.000000 0.000000
0.452284 0.255135 0.814844 3.363903 0.000000 0.000000 0.000000 0.000000
0.507828 0.327158 0.809503 3.334910 0.000000 0.000000 0.000000 0.000000
0.534684 0.371105 0.802637 3.302865 0.000000 0.000000 0.000000 0.000000
0.443129 0.432142 0.798059 3.271585 0.000000 0.000000 0.000000 0.000000
0.239875 0.520646 0.798059 3.231910 0.000000 0.000000 0.000000 0.000000
0.041505 0.612201 0.788903 3.205206 0.000000 0.000000 0.000000 0.000000
-0.026856 0.663472 0.781274 3.174688 0.000000 0.000000 0.000000 0.000000
0.065310 0.647603 0.779748 3.144932 0.000000 0.000000 0.000000 0.000000
0.209357 0.571917 0.769829 3.109836 0.000000 0.000000 0.000000 0.000000
0.239875 0.476089 0.762200 3.082369 0.000000 0.000000 0.000000 0.000000
0.086062 0.386364 0.756096 3.055666 0.000000 0.000000 0.000000 0.000000
-0.134281 0.343028 0.749229 3.021333 0.000000 0.000000 0.000000 0.000000
-0.197760 0.322886 0.740837 2.991577 0.000000 0.000000 0.000000 0.000000
-0.010376 0.282601 0.732444 2.963347 0.000000 0.000000 0.000000 0.000000
0.307016 0.181280 0.725578 2.934355 0.000000 0.000000 0.000000 0.000000
0.540178 0.062868 0.714133 2.908414 0.000000 0.000000 0.000000 0.000000
0.581072 -0.040284 0.711081 2.882473 0.000000 0.000000 0.000000 0.000000
0.515763 -0.084231 0.698874 2.856532 0.000000 0.000000 0.000000 0.000000
0.509049 -0.068972 0.692007 2.827540 0.000000 0.000000 0.000000 0.000000
0.601215 -0.017701 0.682089 2.805413 0.000000 0.000000 0.000000 0.000000
0.689718 0.009766 0.670644 2.780236 0.000000 0.000000 0.000000 0.000000
0.640889 0.026246 0.663015 2.751244 0.000000 0.000000 0.000000 0.000000
0.484634 0.043947 0.652333 2.728355 0.000000 0.000000 0.000000 0.000000
0.382092 0.079348 0.641652 2.711569 0.000000 0.000000 0.000000 0.000000
0.465102 0.077517 0.630970 2.684865 0.000000 0.000000 0.000000 0.000000
0.693380 -0.014649 0.618000 2.668081 0.000000 0.000000 0.000000 0.000000
0.889309 -0.189215 0.611133 2.645192 0.000000 0.000000 0.000000 0.000000
0.908841 -0.341197 0.595111 2.626880 0.000000 0.000000 0.000000 0.000000
0.764183 -0.397351 0.582141 2.613147 0.000000 0.000000 0.000000 0.000000
0.581072 -0.333872 0.571459 2.590259 0.000000 0.000000 0.000000 0.000000
0.484024 -0.186163 0.560778 2.577288 0.000000 0.000000 0.000000 0.000000
0.534684 0.000610 0.547044 2.557451 0.000000 0.000000 0.000000 0.000000
0.720847 0.185553 0.532548 2.543717 0.000000 0.000000 0.000000 0.000000
0.929594 0.311899 0.522629 2.533799 0.000000 0.000000 0.000000 0.000000
1.002838 0.350352 0.506607 2.514725 0.000000 0.000000 0.000000 0.000000
0.881375 0.305185 0.495163 2.506332 0.000000 0.000000 0.000000 0.000000
0.661641 0.211188 0.480666 2.493362 0.000000 0.000000 0.000000 0.000000
0.507828 0.103763 0.466933 2.484969 0.000000 0.000000 0.000000 0.000000
0.495010 0.045167 0.450911 2.471236 0.000000 0.000000 0.000000 0.000000
0.556047 0.025636 0.439467 2.459792 0.000000 0.000000 0.000000 0.000000
0.596332 0.052492 0.423444 2.457503 0.000000 0.000000 0.000000 0.000000
0.535905 0.126347 0.406659 2.450636 0.000000 0.000000 0.000000 0.000000
0.391858 0.235603 0.398267 2.444532 0.000000 0.000000 0.000000 0.000000
0.282601 0.358287 0.383770 2.439192 0.000000 0.000000 0.000000 0.000000
0.273446 0.436415 0.368511 2.435377 0.000000 0.000000 0.000000 0.000000
0.304575 0.438246 0.355541 2.430036 0.000000 0.000000 0.000000 0.000000
0.239875 0.394299 0.337230 2.424695 0.000000 0.000000 0.000000 0.000000
0.046388 0.371105 0.321207 2.426221 0.000000 0.000000 0.000000 0.000000
-0.150761 0.386364 0.302896 2.424695 0.000000 0.000000 0.000000 0.000000
-0.164800 0.398572 0.294504 2.417066 0.000000 0.000000 0.000000 0.000000
0.053102 0.346690 0.276192 2.417829 0.000000 0.000000 0.000000 0.000000
0.380261 0.212409 0.262459 2.417066 0.000000 0.000000 0.000000 0.000000
0.637226 0.028687 0.244148 2.421643 0.000000 0.000000 0.000000 0.000000
0.688498 -0.169683 0.229652 2.427747 0.000000 0.000000 0.000000 0.000000
0.545061 -0.339366 0.214393 2.431562 0.000000 0.000000 0.000000 0.000000
0.355235 -0.490738 0.198370 2.427747 0.000000 0.000000 0.000000 0.000000
0.301523 -0.623188 0.180822 2.435377 0.000000 0.000000 0.000000 0.000000
0.433973 -0.716575 0.166326 2.435377 0.000000 0.000000 0.000000 0.000000
0.651875 -0.747093 0.151830 2.441480 0.000000 0.000000 0.000000 0.000000
0.759911 -0.708640 0.135044 2.444532 0.000000 0.000000 0.000000 0.000000
0.674459 -0.631733 0.119785 2.453688 0.000000 0.000000 0.000000 0.000000
0.469375 -0.553606 0.106052 2.459029 0.000000 0.000000 0.000000 0.000000
0.328379 -0.476089 0.093844 2.462843 0.000000 0.000000 0.000000 0.000000
0.369274 -0.386975 0.076296 2.472762 0.000000 0.000000 0.000000 0.000000
0.549333 -0.296640 0.061800 2.478103 0.000000 0.000000 0.000000 0.000000
0.706198 -0.217292 0.051119 2.484207 0.000000 0.000000 0.000000 0.000000
0.708640 -0.166631 0.035096 2.492599 0.000000 0.000000 0.000000 0.000000
0.574358 -0.103763 0.025178 2.500992 0.000000 0.000000 0.000000 0.000000
0.450453 -0.022584 0.005341 2.507096 0.000000 0.000000 0.000000 0.000000
0.469375 0.056764 -0.002289 2.516251 0.000000 0.000000 0.000000 0.000000
0.604877 0.089114 -0.016785 2.520829 0.000000 0.000000 0.000000 0.000000
0.683615 0.059816 -0.033570 2.534562 0.000000 0.000000 0.000000 0.000000
0.579852 0.001221 -0.044252 2.543717 0.000000 0.000000 0.000000 0.000000
0.354015 -0.032960 -0.055696 2.551347 0.000000 0.000000 0.000000 0.000000
0.209967 0.001221 -0.067141 2.555162 0.000000 0.000000 0.000000 0.000000
0.302744 0.100101 -0.082400 2.564318 0.000000 0.000000 0.000000 0.000000
0.581683 0.217292 -0.091556 2.572710 0.000000 0.000000 0.000000 0.000000
0.855129 0.299081 -0.105289 2.578814 0.000000 0.000000 0.000000 0.000000
0.930815 0.339976 -0.112156 2.583392 0.000000 0.000000 0.000000 0.000000
0.761132 0.365001 -0.120548 2.591021 0.000000 0.000000 0.000000 0.000000
0.474258 0.399792 -0.128178 2.594073 0.000000 0.000000 0.000000 0.000000
0.267953 0.438856 -0.139622 2.598651 0.000000 0.000000 0.000000 0.000000
0.230720 0.438856 -0.144963 2.603229 0.000000 0.000000 0.000000 0.000000
0.299081 0.382092 -0.157933 2.603992 0.000000 0.000000 0.000000 0.000000
0.344249 0.331431 -0.167852 2.607806 0.000000 0.000000 0.000000 0.000000
0.298471 0.335704 -0.171667 2.603992 0.000000 0.000000 0.000000 0.000000
0.183721 0.425428 -0.184637 2.607807 0.000000 0.000000 0.000000 0.000000
0.114139 0.564592 -0.190741 2.603992 0.000000 0.000000 0.000000 0.000000
0.161138 0.675680 -0.196844 2.600940 0.000000 0.000000 0.000000 0.000000
0.319224 0.724509 -0.202185 2.600940 0.000000 0.000000 0.000000 0.000000
0.471816 0.667745 -0.206763 2.592547 0.000000 0.000000 0.000000 0.000000
0.493790 0.519425 -0.212867 2.587206 0.000000 0.000000 0.000000 0.000000
0.395520 0.347301 -0.217444 2.576525 0.000000 0.000000 0.000000 0.000000
0.283822 0.192267 -0.218970 2.575762 0.000000 0.000000 0.000000 0.000000
0.269784 0.050661 -0.231941 2.562029 0.000000 0.000000 0.000000 0.000000
0.315561 -0.089114 -0.231941 2.548295 0.000000 0.000000 0.000000 0.000000
0.316172 -0.220954 -0.239570 2.537614 0.000000 0.000000 0.000000 0.000000
0.216681 -0.300912 -0.234992 2.526169 0.000000 0.000000 0.000000 0.000000
0.076296 -0.330210 -0.239570 2.513962 0.000000 0.000000 0.000000 0.000000
-0.027467 -0.302744 -0.244911 2.505569 0.000000 0.000000 0.000000 0.000000
-0.037843 -0.261238 -0.242622 2.484206 0.000000 0.000000 0.000000 0.000000
0.052492 -0.194098 -0.247200 2.467421 0.000000 0.000000 0.000000 0.000000
0.180059 -0.091556 -0.250252 2.448348 0.000000 0.000000 0.000000 0.000000
0.261849 0.070193 -0.249489 2.432325 0.000000 0.000000 0.000000 0.000000
0.245369 0.250252 -0.248726 2.416303 0.000000 0.000000 0.000000 0.000000
0.159917 0.388195 -0.250252 2.398755 0.000000 0.000000 0.000000 0.000000
0.112308 0.422987 -0.251778 2.376629 0.000000 0.000000 0.000000 0.000000
0.213019 0.343638 -0.251778 2.354503 0.000000 0.000000 0.000000 0.000000
0.440077 0.250862 -0.246437 2.330088 0.000000 0.000000 0.000000 0.000000
0.645161 0.195929 -0.250252 2.314829 0.000000 0.000000 0.000000 0.000000
0.673238 0.165410 -0.246437 2.290414 0.000000 0.000000 0.000000 0.000000
0.510880 0.131230 -0.247963 2.268288 0.000000 0.000000 0.000000 0.000000
0.329600 0.109256 -0.242622 2.246162 0.000000 0.000000 0.000000 0.000000
0.343638 0.115970 -0.246437 2.225562 0.000000 0.000000 0.000000 0.000000
0.600604 0.169683 -0.243385 2.203436 0.000000 0.000000 0.000000 0.000000
0.896023 0.228889 -0.240333 2.179784 0.000000 0.000000 0.000000 0.000000
0.964995 0.227058 -0.236518 2.156132 0.000000 0.000000 0.000000 0.000000
0.724509 0.178838 -0.232704 2.137821 0.000000 0.000000 0.000000 0.000000
0.396130 0.145878 -0.226600 2.117221 0.000000 0.000000 0.000000 0.000000
0.250862 0.197150 -0.218970 2.092807 0.000000 0.000000 0.000000 0.000000
0.365612 0.324717 -0.222022 2.072969 0.000000 0.000000 0.000000 0.000000
0.546892 0.463271 -0.212867 2.050081 0.000000 0.000000 0.000000 0.000000
0.554216 0.531632 -0.212104 2.032532 0.000000 0.000000 0.000000 0.000000
0.336924 0.513932 -0.206763 2.012696 0.000000 0.000000 0.000000 0.000000
0.031129 0.454726 -0.205237 1.990570 0.000000 0.000000 0.000000 0.000000
-0.139164 0.348521 -0.202185 1.970733 0.000000 0.000000 0.000000 0.000000
-0.059206 0.164800 -0.193030 1.953184 0.000000 0.000000 0.000000 0.000000
0.217292 -0.067141 -0.189215 1.933347 0.000000 0.000000 0.000000 0.000000
0.462050 -0.286264 -0.186926 1.914274 0.000000 0.000000 0.000000 0.000000
0.451064 -0.416272 -0.178533 1.895199 0.000000 0.000000 0.000000 0.000000
0.170293 -0.435804 -0.177770 1.882229 0.000000 0.000000 0.000000 0.000000
-0.127567 -0.397351 -0.175481 1.866207 0.000000 0.000000 0.000000 0.000000
-0.155644 -0.364391 -0.167852 1.849422 0.000000 0.000000 0.000000 0.000000
0.153203 -0.385144 -0.167852 1.831110 0.000000 0.000000 0.000000 0.000000
0.559099 -0.430311 -0.164800 1.820429 0.000000 0.000000 0.000000 0.000000
0.775170 -0.450453 -0.162511 1.803644 0.000000 0.000000 0.000000 0.000000
0.671407 -0.419935 -0.155644 1.793725 0.000000 0.000000 0.000000 0.000000
0.382092 -0.344859 -0.152593 1.780755 0.000000 0.000000 0.000000 0.000000
0.150151 -0.232551 -0.150304 1.770836 0.000000 0.000000 0.000000 0.000000
0.121464 -0.116581 -0.148778 1.759392 0.000000 0.000000 0.000000 0.000000
0.232551 -0.052492 -0.146489 1.747185 0.000000 0.000000 0.000000 0.000000
0.303964 -0.035401 -0.143437 1.738792 0.000000 0.000000 0.000000 0.000000
0.234993 -0.000610 -0.141148 1.728873 0.000000 0.000000 0.000000 0.000000
0.078127 0.107425 -0.146489 1.722007 0.000000 0.000000 0.000000 0.000000
-0.000610 0.251472 -0.144200 1.714377 0.000000 0.000000 0.000000 0.000000
0.104373 0.341197 -0.143437 1.702170 0.000000 0.000000 0.000000 0.000000
0.332041 0.303354 -0.141911 1.701407 0.000000 0.000000 0.000000 0.000000
0.520035 0.191046 -0.141148 1.695303 0.000000 0.000000 0.000000 0.000000
0.535295 0.098270 -0.139622 1.691489 0.000000 0.000000 0.000000 0.000000
0.347301 0.072634 -0.145726 1.686148 0.000000 0.000000 0.000000 0.000000
0.083621 0.085452 -0.141911 1.683859 0.000000 0.000000 0.000000 0.000000
-0.086673 0.068361 -0.146489 1.686148 0.000000 0.000000 0.000000 0.000000
-0.077517 0.046388 -0.146489 1.685385 0.000000 0.000000 0.000000 0.000000
0.039064 0.083621 -0.148778 1.686148 0.000000 0.000000 0.000000 0.000000
0.117191 0.209967 -0.156407 1.681570 0.000000 0.000000 0.000000 0.000000
0.097049 0.363170 -0.153356 1.689199 0.000000 0.000000 0.000000 0.000000
0.056154 0.461440 -0.157933 1.687674 0.000000 0.000000 0.000000 0.000000
0.111087 0.483413 -0.163274 1.690726 0.000000 0.000000 0.000000 0.000000
0.267952 0.485855 -0.160985 1.696829 0.000000 0.000000 0.000000 0.000000
0.424207 0.505386 -0.162511 1.702933 0.000000 0.000000 0.000000 0.000000
0.451064 0.533464 -0.168615 1.711325 0.000000 0.000000 0.000000 0.000000
0.316782 0.521867 -0.170904 1.722770 0.000000 0.000000 0.000000 0.000000
0.128178 0.490738 -0.177770 1.727347 0.000000 0.000000 0.000000 0.000000
0.037843 0.491958 -0.178533 1.734977 0.000000 0.000000 0.000000 0.000000
0.115360 0.542009 -0.185400 1.747185 0.000000 0.000000 0.000000 0.000000
0.260018 0.563372 -0.189978 1.760155 0.000000 0.000000 0.000000 0.000000
0.333262 0.495010 -0.193793 1.770073 0.000000 0.000000 0.000000 0.000000
0.284433 0.356456 -0.197607 1.780755 0.000000 0.000000 0.000000 0.000000
0.206915 0.213630 -0.201422 1.798303 0.000000 0.000000 0.000000 0.000000
0.226447 0.098880 -0.205237 1.813562 0.000000 0.000000 0.000000 0.000000
0.371715 -0.001221 -0.209052 1.828059 0.000000 0.000000 0.000000 0.000000
0.578631 -0.109256 -0.215918 1.843318 0.000000 0.000000 0.000000 0.000000
0.721457 -0.181890 -0.221259 1.858577 0.000000 0.000000 0.000000 0.000000
0.712302 -0.169073 -0.221259 1.876125 0.000000 0.000000 0.000000 0.000000
0.559709 -0.048830 -0.226600 1.889859 0.000000 0.000000 0.000000 0.000000
0.329600 0.114750 -0.228889 1.908933 0.000000 0.000000 0.000000 0.000000
0.145878 0.238655 -0.236518 1.928007 0.000000 0.000000 0.000000 0.000000
0.080569 0.303354 -0.240333 1.946318 0.000000 0.000000 0.000000 0.000000
0.123905 0.350963 -0.247200 1.965392 0.000000 0.000000 0.000000 0.000000
0.205695 0.408948 -0.250252 1.984466 0.000000 0.000000 0.000000 0.000000
0.225227 0.454115 -0.254830 2.005066 0.000000 0.000000 0.000000 0.000000
0.173345 0.432752 -0.257118 2.024140 0.000000 0.000000 0.000000 0.000000
0.136723 0.337535 -0.260933 2.043977 0.000000 0.000000 0.000000 0.000000
0.238655 0.240486 -0.265511 2.059237 0.000000 0.000000 0.000000 0.000000
0.438856 0.198981 -0.267037 2.085177 0.000000 0.000000 0.000000 0.000000
0.580462 0.202033 -0.269326 2.106540 0.000000 0.000000 0.000000 0.000000
0.503555 0.181890 -0.278481 2.123325 0.000000 0.000000 0.000000 0.000000
0.250252 0.084231 -0.277718 2.145451 0.000000 0.000000 0.000000 0.000000
0.032350 -0.031129 -0.281533 2.163762 0.000000 0.000000 0.000000 0.000000
0.053102 -0.103153 -0.281533 2.182836 0.000000 0.000000 0.000000 0.000000
0.297861 -0.115970 -0.285348 2.198095 0.000000 0.000000 0.000000 0.000000
0.578021 -0.100711 -0.286111 2.217933 0.000000 0.000000 0.000000 0.000000
0.654927 -0.072024 -0.288400 2.233955 0.000000 0.000000 0.000000 0.000000
0.484024 -0.012818 -0.286874 2.253792 0.000000 0.000000 0.000000 0.000000
0.220344 0.076296 -0.288400 2.267525 0.000000 0.000000 0.000000 0.000000
0.073855 0.140385 -0.288400 2.288125 0.000000 0.000000 0.000000 0.000000
0.121464 0.110477 -0.288400 2.301095 0.000000 0.000000 0.000000 0.000000
0.255135 -0.004883 -0.289926 2.317881 0.000000 0.000000 0.000000 0.000000
0.309458 -0.120853 -0.289926 2.329325 0.000000 0.000000 0.000000 0.000000
0.200812 -0.172735 -0.287637 2.342296 0.000000 0.000000 0.000000 0.000000
-0.020142 -0.117801 -0.287637 2.354503 0.000000 0.000000 0.000000 0.000000
-0.187384 -0.007324 -0.286111 2.369762 0.000000 0.000000 0.000000 0.000000
-0.161138 0.083010 -0.283822 2.379681 0.000000 0.000000 0.000000 0.000000
0.056764 0.104373 -0.280007 2.390363 0.000000 0.000000 0.000000 0.000000
0.293588 0.081790 -0.280007 2.397992 0.000000 0.000000 0.000000 0.000000
0.359508 0.052492 -0.272378 2.405621 0.000000 0.000000 0.000000 0.000000
0.217292 0.040895 -0.273141 2.417066 0.000000 0.000000 0.000000 0.000000
-0.006104 0.036012 -0.263985 2.423169 0.000000 0.000000 0.000000 0.000000
-0.123295 0.021973 -0.261696 2.433851 0.000000 0.000000 0.000000 0.000000
-0.023194 -0.011597 -0.256355 2.436140 0.000000 0.000000 0.000000 0.000000
0.217292 -0.049440 -0.252541 2.442244 0.000000 0.000000 0.000000 0.000000
0.422987 -0.064699 -0.245674 2.448348 0.000000 0.000000 0.000000 0.000000
0.474258 -0.034791 -0.244148 2.452162 0.000000 0.000000 0.000000 0.000000
0.363781 0.026856 -0.231941 2.462080 0.000000 0.000000 0.000000 0.000000
0.208747 0.100101 -0.226600 2.463607 0.000000 0.000000 0.000000 0.000000
0.130009 0.151982 -0.215155 2.465132 0.000000 0.000000 0.000000 0.000000
0.194708 0.191046 -0.212104 2.468185 0.000000 0.000000 0.000000 0.000000
0.311899 0.222175 -0.206763 2.473525 0.000000 0.000000 0.000000 0.000000
0.354015 0.238655 -0.199896 2.472762 0.000000 0.000000 0.000000 0.000000
0.282601 0.266121 -0.183874 2.472762 0.000000 0.000000 0.000000 0.000000
0.189825 0.286874 -0.167852 2.475051 0.000000 0.000000 0.000000 0.000000
0.180670 0.245979 -0.166326 2.473525 0.000000 0.000000 0.000000 0.000000
0.261238 0.158086 -0.157170 2.475051 0.000000 0.000000 0.000000 0.000000
0.341807 0.056764 -0.148778 2.471999 0.000000 0.000000 0.000000 0.000000
0.336924 -0.012818 -0.141148 2.467421 0.000000 0.000000 0.000000 0.000000
0.266732 -0.046998 -0.128941 2.465895 0.000000 0.000000 0.000000 0.000000
0.211188 -0.058596 -0.114444 2.462843 0.000000 0.000000 0.000000 0.000000
0.258797 -0.032960 -0.105289 2.461318 0.000000 0.000000 0.000000 0.000000
0.437635 0.037843 -0.099948 2.451399 0.000000 0.000000 0.000000 0.000000
0.665914 0.122684 -0.089267 2.450636 0.000000 0.000000 0.000000 0.000000
0.792261 0.164800 -0.078585 2.444533 0.000000 0.000000 0.000000 0.000000
0.690939 0.115970 -0.068667 2.443007 0.000000 0.000000 0.000000 0.000000
0.402234 0.020142 -0.057222 2.436140 0.000000 0.000000 0.000000 0.000000
0.118412 -0.052492 -0.048830 2.427747 0.000000 0.000000 0.000000 0.000000
0.019532 -0.073855 -0.035859 2.419355 0.000000 0.000000 0.000000 0.000000
0.133671 -0.064089 -0.028993 2.413251 0.000000 0.000000 0.000000 0.000000
0.305795 -0.040284 -0.018311 2.408673 0.000000 0.000000 0.000000 0.000000
0.375378 -0.014649 -0.009156 2.398755 0.000000 0.000000 0.000000 0.000000
0.314341 0.008545 -0.000763 2.388836 0.000000 0.000000 0.000000 0.000000
0.217292 -0.008545 0.009919 2.380443 0.000000 0.000000 0.000000 0.000000
0.159917 -0.068361 0.016022 2.371288 0.000000 0.000000 0.000000 0.000000
0.161138 -0.143437 0.029756 2.364421 0.000000 0.000000 0.000000 0.000000
0.173956 -0.183721 0.032807 2.350688 0.000000 0.000000 0.000000 0.000000
0.162358 -0.150761 0.038911 2.337718 0.000000 0.000000 0.000000 0.000000
0.103763 -0.065310 0.048830 2.327799 0.000000 0.000000 0.000000 0.000000
0.023194 0.039064 0.054933 2.317881 0.000000 0.000000 0.000000 0.000000
-0.001221 0.128178 0.061800 2.307199 0.000000 0.000000 0.000000 0.000000
0.061647 0.185553 0.062563 2.291940 0.000000 0.000000 0.000000 0.000000
0.156255 0.209967 0.070956 2.285836 0.000000 0.000000 0.000000 0.000000
0.173345 0.206915 0.076296 2.268288 0.000000 0.000000 0.000000 0.000000
0.068361 0.191046 0.076296 2.259896 0.000000 0.000000 0.000000 0.000000
-0.079958 0.153813 0.079348 2.248451 0.000000 0.000000 0.000000 0.000000
-0.143437 0.108646 0.083926 2.240821 0.000000 0.000000 0.000000 0.000000
-0.080569 0.080569 0.084689 2.227088 0.000000 0.000000 0.000000 0.000000
0.025025 0.085452 0.093081 2.211066 0.000000 0.000000 0.000000 0.000000
0.046998 0.127567 0.090793 2.198858 0.000000 0.000000 0.000000 0.000000
-0.092166 0.203253 0.084689 2.181310 0.000000 0.000000 0.000000 0.000000
-0.309458 0.305185 0.086215 2.172155 0.000000 0.000000 0.000000 0.000000
-0.455947 0.406507 0.085452 2.156896 0.000000 0.000000 0.000000 0.000000
-0.405896 0.474258 0.088504 2.143162 0.000000 0.000000 0.000000 0.000000
-0.199591 0.479141 0.083163 2.134007 0.000000 0.000000 0.000000 0.000000
0.018921 0.443739 0.080111 2.116458 0.000000 0.000000 0.000000 0.000000
0.126347 0.394909 0.078585 2.103488 0.000000 0.000000 0.000000 0.000000
0.102542 0.361950 0.072481 2.087466 0.000000 0.000000 0.000000 0.000000
0.030519 0.305185 0.067141 2.069918 0.000000 0.000000 0.000000 0.000000
0.009766 0.187384 0.064852 2.055422 0.000000 0.000000 0.000000 0.000000
0.067141 0.031129 0.060274 2.040162 0.000000 0.000000 0.000000 0.000000
0.168462 -0.120853 0.052644 2.018036 0.000000 0.000000 0.000000 0.000000
0.246590 -0.225837 0.047304 2.007355 0.000000 0.000000 0.000000 0.000000
0.269784 -0.264901 0.045015 1.986755 0.000000 0.000000 0.000000 0.000000
0.244758 -0.236824 0.036622 1.966918 0.000000 0.000000 0.000000 0.000000
0.190435 -0.161748 0.028993 1.950133 0.000000 0.000000 0.000000 0.000000
0.162358 -0.052492 0.024415 1.933347 0.000000 0.000000 0.000000 0.000000
0.170904 0.059816 0.018311 1.909696 0.000000 0.000000 0.000000 0.000000
0.188604 0.150151 0.012207 1.886044 0.000000 0.000000 0.000000 0.000000
0.162358 0.212409 0.003052 1.868496 0.000000 0.000000 0.000000 0.000000
0.081179 0.222175 -0.004578 1.844081 0.000000 0.000000 0.000000 0.000000
-0.017701 0.170904 -0.011444 1.819666 0.000000 0.000000 0.000000 0.000000
-0.086062 0.098270 -0.022126 1.795251 0.000000 0.000000 0.000000 0.000000
-0.109256 0.051271 -0.022889 1.770836 0.000000 0.000000 0.000000 0.000000
-0.106815 0.072024 -0.031281 1.742607 0.000000 0.000000 0.000000 0.000000
-0.103153 0.158696 -0.041200 1.714377 0.000000 0.000000 0.000000 0.000000
-0.105594 0.272225 -0.047304 1.684622 0.000000 0.000000 0.000000 0.000000
-0.113529 0.361339 -0.058748 1.654866 0.000000 0.000000 0.000000 0.000000
-0.130009 0.417493 -0.061800 1.624348 0.000000 0.000000 0.000000 0.000000
-0.151372 0.452284 -0.070193 1.594592 0.000000 0.000000 0.000000 0.000000
-0.170904 0.482803 -0.074007 1.558733 0.000000 0.000000 0.000000 0.000000
-0.181280 0.488906 -0.079348 1.518296 0.000000 0.000000 0.000000 0.000000
-0.158086 0.408338 -0.087741 1.492355 0.000000 0.000000 0.000000 0.000000
-0.102542 0.255135 -0.092318 1.451918 0.000000 0.000000 0.000000 0.000000
-0.051881 0.075686 -0.098422 1.416059 0.000000 0.000000 0.000000 0.000000
-0.042116 -0.046388 -0.099185 1.378674 0.000000 0.000000 0.000000 0.000000
-0.068361 -0.096438 -0.106815 1.341288 0.000000 0.000000 0.000000 0.000000
-0.123295 -0.083010 -0.108341 1.304666 0.000000 0.000000 0.000000 0.000000
-0.162969 -0.028077 -0.114444 1.263466 0.000000 0.000000 0.000000 0.000000
-0.172124 0.035401 -0.117496 1.219977 0.000000 0.000000 0.000000 0.000000
-0.154424 0.102542 -0.124363 1.179540 0.000000 0.000000 0.000000 0.000000
-0.136723 0.153813 -0.127415 1.139103 0.000000 0.000000 0.000000 0.000000
-0.102542 0.193487 -0.131230 1.091037 0.000000 0.000000 0.000000 0.000000
-0.072024 0.212409 -0.132756 1.051363 0.000000 0.000000 0.000000 0.000000
-0.025636 0.214850 -0.132756 1.004822 0.000000 0.000000 0.000000 0.000000
0.028077 0.200201 -0.142674 0.961333 0.000000 0.000000 0.000000 0.000000
0.092166 0.132450 -0.140385 0.915555 0.000000 0.000000 0.000000 0.000000
0.157476 0.001221 -0.148015 0.866726 0.000000 0.000000 0.000000 0.000000
0.191656 -0.169073 -0.141911 0.824000 0.000000 0.000000 0.000000 0.000000
0.168462 -0.325327 -0.148015 0.778985 0.000000 0.000000 0.000000 0.000000
0.075076 -0.418714 -0.145726 0.734733 0.000000 0.000000 0.000000 0.000000
-0.061647 -0.448622 -0.148015 0.687429 0.000000 0.000000 0.000000 0.000000
-0.199591 -0.408338 -0.149541 0.636311 0.000000 0.000000 0.000000 0.000000
-0.287484 -0.316172 -0.147252 0.595111 0.000000 0.000000 0.000000 0.000000
-0.307016 -0.185553 -0.149541 0.547807 0.000000 0.000000 0.000000 0.000000
-0.283212 -0.057985 -0.152593 0.498215 0.000000 0.000000 0.000000 0.000000
-0.266732 0.016480 -0.144963 0.451674 0.000000 0.000000 0.000000 0.000000
-0.276498 0.012818 -0.151830 0.405133 0.000000 0.000000 0.000000 0.000000
-0.313120 -0.036622 -0.149541 0.359355 0.000000 0.000000 0.000000 0.000000
-0.324717 -0.067751 -0.151067 0.310526 0.000000 0.000000 0.000000 0.000000
-0.294809 -0.053713 -0.148015 0.260933 0.000000 0.000000 0.000000 0.000000
-0.249031 -0.013428 -0.149541 0.212867 0.000000 0.000000 0.000000 0.000000
-0.259407 0.039064 -0.145726 0.167089 0.000000 0.000000 0.000000 0.000000
-0.343638 0.084841 -0.144963 0.119022 0.000000 0.000000 0.000000 0.000000
-0.440687 0.140385 -0.148015 0.070193 0.000000 0.000000 0.000000 0.000000
-0.465712 0.181890 -0.149541 0.022889 0.000000 0.000000 0.000000 0.000000
-0.390027 0.202033 -0.151830 -0.019074 0.000000 0.000000 0.000000 0.000000
-0.247200 0.215461 -0.151067 -0.065615 0.000000 0.000000 0.000000 0.000000
-0.100711 0.226447 -0.153356 -0.110630 0.000000 0.000000 0.000000 0.000000
0.014039 0.247810 -0.153356 -0.157933 0.000000 0.000000 0.000000 0.000000
0.053713 0.274056 -0.149541 -0.196844 0.000000 0.000000 0.000000 0.000000
0.023194 0.282601 -0.151830 -0.241096 0.000000 0.000000 0.000000 0.000000
-0.057985 0.234993 -0.154881 -0.286874 0.000000 0.000000 0.000000 0.000000
-0.146489 0.137333 -0.152593 -0.328837 0.000000 0.000000 0.000000 0.000000
-0.227668 0.050050 -0.156407 -0.374615 0.000000 0.000000 0.000000 0.000000
-0.299692 -0.006104 -0.153355 -0.414289 0.000000 0.000000 0.000000 0.000000
-0.394299 -0.012818 -0.155644 -0.453963 0.000000 0.000000 0.000000 0.000000
-0.486465 0.017090 -0.159459 -0.492874 0.000000 0.000000 0.000000 0.000000
-0.531632 0.089114 -0.158696 -0.530259 0.000000 0.000000 0.000000 0.000000
-0.484634 0.177618 -0.162511 -0.572985 0.000000 0.000000 0.000000 0.000000
-0.347911 0.274056 -0.167089 -0.608844 0.000000 0.000000 0.000000 0.000000
-0.176397 0.375378 -0.171667 -0.648518 0.000000 0.000000 0.000000 0.000000
-0.069582 0.452895 -0.171667 -0.681326 0.000000 0.000000 0.000000 0.000000
-0.110477 0.491958 -0.175481 -0.717185 0.000000 0.000000 0.000000 0.000000
-0.263680 0.460219 -0.177770 -0.750755 0.000000 0.000000 0.000000 0.000000
-0.417493 0.343638 -0.183874 -0.782037 0.000000 0.000000 0.000000 0.000000
-0.480972 0.175176 -0.186163 -0.814081 0.000000 0.000000 0.000000 0.000000
-0.441298 -0.008545 -0.189978 -0.843074 0.000000 0.000000 0.000000 0.000000
-0.342418 -0.151982 -0.198370 -0.871303 0.000000 0.000000 0.000000 0.000000
-0.226447 -0.249031 -0.202948 -0.901059 0.000000 0.000000 0.000000 0.000000
-0.137944 -0.277108 -0.206000 -0.923185 0.000000 0.000000 0.000000 0.000000
-0.075686 -0.208136 -0.212867 -0.948363 0.000000 0.000000 0.000000 0.000000
-0.043336 -0.039064 -0.219733 -0.972015 0.000000 0.000000 0.000000 0.000000
-0.037233 0.187994 -0.225074 -0.997955 0.000000 0.000000 0.000000 0.000000
-0.051271 0.410779 -0.231178 -1.021607 0.000000 0.000000 0.000000 0.000000
-0.062868 0.565203 -0.237281 -1.042207 0.000000 0.000000 0.000000 0.000000
-0.046388 0.615253 -0.249489 -1.059755 0.000000 0.000000 0.000000 0.000000
-0.028077 0.581072 -0.253304 -1.083407 0.000000 0.000000 0.000000 0.000000
-0.040284 0.468154 -0.262459 -1.097140 0.000000 0.000000 0.000000 0.000000
-0.100711 0.308237 -0.267800 -1.110111 0.000000 0.000000 0.000000 0.000000
-0.175787 0.150761 -0.277718 -1.122318 0.000000 0.000000 0.000000 0.000000
-0.227058 0.044557 -0.279244 -1.136051 0.000000 0.000000 0.000000 0.000000
-0.260018 -0.031129 -0.289163 -1.149022 0.000000 0.000000 0.000000 0.000000
-0.307627 -0.068361 -0.296030 -1.158940 0.000000 0.000000 0.000000 0.000000
-0.375988 -0.089114 -0.305185 -1.170385 0.000000 0.000000 0.000000 0.000000
-0.415662 -0.063479 -0.312052 -1.175726 0.000000 0.000000 0.000000 0.000000
-0.365001 0.009766 -0.318155 -1.183355 0.000000 0.000000 0.000000 0.000000
-0.256355 0.122074 -0.325785 -1.189459 0.000000 0.000000 0.000000 0.000000
-0.195318 0.226447 -0.329600 -1.191748 0.000000 0.000000 0.000000 0.000000
-0.286874 0.274667 -0.340281 -1.199377 0.000000 0.000000 0.000000 0.000000
-0.480361 0.248421 -0.345622 -1.197089 0.000000 0.000000 0.000000 0.000000
-0.641499 0.170904 -0.351726 -1.201666 0.000000 0.000000 0.000000 0.000000
-0.706809 0.093997 -0.363170 -1.200140 0.000000 0.000000 0.000000 0.000000
-0.709250 0.038453 -0.364696 -1.195563 0.000000 0.000000 0.000000 0.000000
-0.731223 -0.004273 -0.370800 -1.196325 0.000000 0.000000 0.000000 0.000000
-0.756249 -0.062258 -0.376904 -1.191748 0.000000 0.000000 0.000000 0.000000
-0.723289 -0.120243 -0.386059 -1.186407 0.000000 0.000000 0.000000 0.000000
-0.604266 -0.151372 -0.391400 -1.181829 0.000000 0.000000 0.000000 0.000000
-0.429090 -0.135502 -0.399029 -1.177252 0.000000 0.000000 0.000000 0.000000
-0.288705 -0.091556 -0.402844 -1.172674 0.000000 0.000000 0.000000 0.000000
-0.229499 -0.050661 -0.408948 -1.161992 0.000000 0.000000 0.000000 0.000000
-0.240486 -0.025025 -0.409711 -1.146733 0.000000 0.000000 0.000000 0.000000
-0.259407 -0.004883 -0.421155 -1.139866 0.000000 0.000000 0.000000 0.000000
-0.277108 0.003662 -0.429548 -1.129185 0.000000 0.000000 0.000000 0.000000
-0.294198 -0.012207 -0.429548 -1.120029 0.000000 0.000000 0.000000 0.000000
-0.324107 -0.070193 -0.435652 -1.106296 0.000000 0.000000 0.000000 0.000000
-0.347301 -0.174566 -0.440992 -1.094089 0.000000 0.000000 0.000000 0.000000
-0.339366 -0.268563 -0.447859 -1.079592 0.000000 0.000000 0.000000 0.000000
-0.259407 -0.325938 -0.451674 -1.064333 0.000000 0.000000 0.000000 0.000000
-0.080569 -0.321665 -0.452437 -1.048311 0.000000 0.000000 0.000000 0.000000
0.164190 -0.277718 -0.460829 -1.033815 0.000000 0.000000 0.000000 0.000000
0.343638 -0.169073 -0.462355 -1.020081 0.000000 0.000000 0.000000 0.000000
0.360118 -0.015870 -0.468459 -1.001770 0.000000 0.000000 0.000000 0.000000
0.202643 0.155644 -0.475326 -0.990326 0.000000 0.000000 0.000000 0.000000
-0.043336 0.310678 -0.473800 -0.968200 0.000000 0.000000 0.000000 0.000000
-0.277108 0.402234 -0.477615 -0.958281 0.000000 0.000000 0.000000 0.000000
-0.455947 0.437025 -0.482955 -0.935392 0.000000 0.000000 0.000000 0.000000
-0.560930 0.430311 -0.487533 -0.919370 0.000000 0.000000 0.000000 0.000000
-0.567644 0.399182 -0.489059 -0.901059 0.000000 0.000000 0.000000 0.000000
-0.474258 0.323496 -0.495163 -0.885800 0.000000 0.000000 0.000000 0.000000
-0.346080 0.200812 -0.502029 -0.869777 0.000000 0.000000 0.000000 0.000000
-0.283212 0.073244 -0.505844 -0.853755 0.000000 0.000000 0.000000 0.000000
-0.327158 -0.050661 -0.508896 -0.834681 0.000000 0.000000 0.000000 0.000000
-0.452284 -0.169683 -0.513474 -0.820948 0.000000 0.000000 0.000000 0.000000
-0.594500 -0.283822 -0.518052 -0.807214 0.000000 0.000000 0.000000 0.000000
-0.723899 -0.368053 -0.521867 -0.788903 0.000000 0.000000 0.000000 0.000000
-0.806909 -0.357677 -0.521104 -0.782800 0.000000 0.000000 0.000000 0.000000
-0.803247 -0.253304 -0.522629 -0.762963 0.000000 0.000000 0.000000 0.000000
-0.680563 -0.103153 -0.528733 -0.750755 0.000000 0.000000 0.000000 0.000000
-0.491348 0.045167 -0.532548 -0.736259 0.000000 0.000000 0.000000 0.000000
-0.342418 0.180059 -0.540178 -0.726341 0.000000 0.000000 0.000000 0.000000
-0.311899 0.288095 -0.545518 -0.715659 0.000000 0.000000 0.000000 0.000000
-0.412610 0.341197 -0.546281 -0.702689 0.000000 0.000000 0.000000 0.000000
-0.606098 0.303964 -0.549333 -0.694296 0.000000 0.000000 0.000000 0.000000
-0.803858 0.187994 -0.549333 -0.685903 0.000000 0.000000 0.000000 0.000000
-0.920438 0.069582 -0.554674 -0.679037 0.000000 0.000000 0.000000 0.000000
-0.878933 -0.014039 -0.559252 -0.669118 0.000000 0.000000 0.000000 0.000000
-0.679952 -0.040895 -0.566118 -0.660726 0.000000 0.000000 0.000000 0.000000
-0.429090 -0.023804 -0.563066 -0.659963 0.000000 0.000000 0.000000 0.000000
-0.289926 0.034791 -0.572222 -0.647755 0.000000 0.000000 0.000000 0.000000
-0.303354 0.125736 -0.576800 -0.646992 0.000000 0.000000 0.000000 0.000000
-0.391247 0.234382 -0.576800 -0.640889 0.000000 0.000000 0.000000 0.000000
-0.459609 0.320444 -0.579852 -0.637074 0.000000 0.000000 0.000000 0.000000
-0.491348 0.336924 -0.585955 -0.633259 0.000000 0.000000 0.000000 0.000000
-0.526749 0.301523 -0.590533 -0.632496 0.000000 0.000000 0.000000 0.000000
-0.538957 0.225837 -0.594348 -0.625629 0.000000 0.000000 0.000000 0.000000
-0.499893 0.164800 -0.594348 -0.627918 0.000000 0.000000 0.000000 0.000000
-0.426649 0.125736 -0.601215 -0.631733 0.000000 0.000000 0.000000 0.000000
-0.380261 0.099490 -0.606555 -0.628681 0.000000 0.000000 0.000000 0.000000
-0.381481 0.057985 -0.608844 -0.630207 0.000000 0.000000 0.000000 0.000000
-0.412000 0.017701 -0.615711 -0.628681 0.000000 0.000000 0.000000 0.000000
-0.432142 0.028687 -0.618763 -0.630207 0.000000 0.000000 0.000000 0.000000
-0.462050 0.093387 -0.621815 -0.634785 0.000000 0.000000 0.000000 0.000000
-0.512711 0.175787 -0.628681 -0.633259 0.000000 0.000000 0.000000 0.000000
-0.562151 0.207526 -0.628681 -0.640126 0.000000 0.000000 0.000000 0.000000
-0.560930 0.184332 -0.634785 -0.643178 0.000000 0.000000 0.000000 0.000000
-0.511490 0.131840 -0.638600 -0.648518 0.000000 0.000000 0.000000 0.000000
-0.463881 0.084231 -0.644704 -0.650044 0.000000 0.000000 0.000000 0.000000
-0.485244 0.032960 -0.653859 -0.656148 0.000000 0.000000 0.000000 0.000000
-0.595111 -0.059816 -0.655385 -0.659200 0.000000 0.000000 0.000000 0.000000
-0.740989 -0.173345 -0.659963 -0.660726 0.000000 0.000000 0.000000 0.000000
-0.812403 -0.231330 -0.663015 -0.666066 0.000000 0.000000 0.000000 0.000000
-0.742210 -0.190435 -0.672170 -0.670644 0.000000 0.000000 0.000000 0.000000
-0.545061 -0.076296 -0.675222 -0.679037 0.000000 0.000000 0.000000 0.000000
-0.337535 0.052492 -0.682089 -0.682089 0.000000 0.000000 0.000000 0.000000
-0.198370 0.156255 -0.685903 -0.685903 0.000000 0.000000 0.000000 0.000000
-0.167241 0.232551 -0.694296 -0.690481 0.000000 0.000000 0.000000 0.000000
-0.219123 0.262459 -0.697348 -0.696585 0.000000 0.000000 0.000000 0.000000
-0.308847 0.224006 -0.701163 -0.698111 0.000000 0.000000 0.000000 0.000000
